0.012695,0.469482,-0.070190,4.549618,11.389313,-7.206107,1443087262.008332,1
0.012695,0.469482,-0.068359,-17.984734,-0.610687,10.717557,1443087262.038253,1
0.012939,-0.500122,-0.068726,-2.015267,3.572519,-8.122137,1443087262.068290,1
0.013306,0.469727,-0.067505,0.458015,-5.557252,-14.534351,1443087262.098501,1
0.013062,0.469482,-0.070068,-8.580153,15.053435,11.053435,1443087262.157778,1
0.011963,0.468994,-0.068848,-9.496183,-6.045802,-13.832061,1443087262.158308,1
0.013550,0.469971,-0.071411,-11.786260,1.374046,8.152672,1443087262.188244,1
0.012085,-0.500122,-0.070801,1.557252,62.503819,8.122137,1443087262.248281,1
0.011108,0.469116,-0.068359,8.885496,1.190840,1.709924,1443087262.278211,1
0.009888,0.470581,-0.069702,-9.282443,-2.534351,2.687023,1443087262.308304,1
0.012329,0.469971,-0.069336,10.076336,-6.931298,5.435114,1443087262.338296,1
0.012085,-0.500732,-0.070068,0.427481,4.458015,5.709924,1443087262.368211,1
0.011108,0.469849,-0.070068,-2.351145,10.595420,-6.748092,1443087262.398250,1
0.011475,-0.496948,-0.069580,-6.412214,-1.190840,6.015267,1443087262.458065,1
0.013306,0.470215,-0.069214,2.778626,-6.381680,-12.122137,1443087262.488081,1
0.012939,-0.500244,-0.068604,4.946565,-7.053435,0.671756,1443087262.518120,1
0.013306,-0.497925,-0.072510,4.244275,10.687023,14.167939,1443087262.548255,1
0.011230,0.468872,-0.069702,-9.435115,-15.297709,21.770992,1443087262.578266,1
0.013062,0.470215,-0.070923,3.206107,2.534351,-0.732824,1443087262.608505,1
0.012817,-0.497681,-0.068604,10.076336,12.396947,2.503817,1443087262.668265,1
0.012207,-0.497681,-0.070557,-2.167939,16.305344,0.549618,1443087262.698291,1
0.011230,0.469971,-0.069458,-1.618321,61.068703,-1.587786,1443087262.758182,1
0.012695,0.469360,-0.069214,-1.618321,3.297710,-14.748092,1443087262.788037,1
0.011475,-0.497925,-0.068115,-6.259542,-5.404580,5.312977,1443087262.818293,1
0.014648,0.469971,-0.069702,3.328244,5.740458,1.954198,1443087262.848215,1
0.014282,0.469971,-0.067993,-9.954199,3.145038,1.435115,1443087262.878290,1
0.012451,0.470337,-0.069458,-4.702290,62.259541,22.564886,1443087262.908265,1
0.011597,0.469727,-0.071533,-1.801527,9.190840,5.496183,1443087262.968236,1
0.012817,-0.498047,-0.070312,2.076336,8.824428,21.709923,1443087262.998250,1
0.011841,0.469849,-0.070312,-5.862596,12.061069,-1.374046,1443087263.028512,1
0.012085,-0.496948,-0.066650,-6.412214,6.809160,21.282442,1443087263.058154,1
0.012695,-0.500977,-0.068237,7.541985,1.160305,0.854962,1443087263.088500,1
0.012695,-0.500488,-0.070801,-9.251908,62.137405,-1.068702,1443087263.118554,1
0.011719,-0.496826,-0.067627,-11.969465,8.091603,25.404581,1443087263.148581,1
0.013428,0.469604,-0.067505,-6.106870,7.603054,22.259542,1443087263.178381,1
0.010742,0.469482,-0.070190,-6.992366,-3.297710,2.900763,1443087263.238348,1
0.012085,0.468872,-0.070190,0.335878,-5.862596,1.374046,1443087263.268868,1
0.012207,-0.500732,-0.068726,5.282443,25.679390,6.473282,1443087263.298327,1
0.010986,0.470337,-0.069092,1.709924,-5.526718,13.801527,1443087263.328327,1
0.013306,0.470459,-0.068359,8.122137,8.763359,8.732824,1443087263.358120,1
0.012817,0.469482,-0.071045,10.625955,8.793893,14.809160,1443087263.388562,1
0.012451,-0.497803,-0.069702,3.358779,-3.938931,29.312977,1443087263.418336,1
0.012695,0.468872,-0.070557,4.580153,-5.679389,25.404581,1443087263.448264,1
0.013794,-0.500854,-0.068970,1.099237,2.198473,9.465649,1443087263.478248,1
0.011719,-0.497437,-0.066772,3.328244,-16.702290,19.450382,1443087263.508588,1
0.013062,0.469971,-0.071167,-3.083969,-9.160305,16.580153,1443087263.538269,1
0.012695,-0.500488,-0.069336,10.290076,5.770992,5.954198,1443087263.568280,1
0.011719,0.468872,-0.066895,62.290077,-4.977099,25.282442,1443087263.598272,1
0.012085,-0.496582,-0.067139,-3.450382,-10.381680,-0.946565,1443087263.628743,1
0.013672,0.470215,-0.069458,9.557252,0.977099,4.763359,1443087263.658268,1
0.013184,-0.500122,-0.067627,-10.564885,0.458015,19.083969,1443087263.688544,1
0.011719,0.469360,-0.071045,5.465649,-8.061069,16.885496,1443087263.748302,1
0.014282,0.469604,-0.073120,-0.916031,2.839695,16.488550,1443087263.778222,1
0.013672,-0.501099,-0.066772,6.717557,15.145039,8.213740,1443087263.808337,1
0.013184,0.470215,-0.068970,-4.274809,62.442749,-6.961832,1443087263.838306,1
0.012817,0.469604,-0.069824,-10.473283,-6.931298,62.076336,1443087263.898343,1
0.012451,0.469360,-0.067627,13.801527,9.251908,17.129770,1443087263.928380,1
0.011475,0.469604,-0.069580,10.839695,11.114504,14.961832,1443087263.958193,1
0.014160,0.469604,-0.069824,-14.961832,16.274809,-15.786260,1443087264.018376,1
0.012695,0.469604,-0.069824,-4.641222,25.038168,-11.267176,1443087264.048359,1
0.011841,0.469238,-0.068115,10.961832,6.137404,15.908397,1443087264.107742,1
0.011597,0.469604,-0.072021,-1.465649,4.916030,4.824428,1443087264.138470,1
0.012085,0.469238,-0.071045,-8.396947,-6.809160,-16.793894,1443087264.168340,1
0.012329,0.469360,-0.067749,12.763359,12.671756,2.290076,1443087264.198355,1
0.011719,-0.500732,-0.068848,-11.969465,-10.717557,14.229008,1443087264.228624,1
0.012085,0.468872,-0.066650,1.007634,7.419847,-4.793893,1443087264.258369,1
0.013550,-0.500244,-0.069580,10.106871,0.824427,5.435114,1443087264.288476,1
0.013184,-0.500977,-0.068115,-10.717557,-14.625955,7.175572,1443087264.318467,1
0.010742,0.469360,-0.066528,6.137404,-5.312977,-7.511450,1443087264.348243,1
0.011963,-0.497681,-0.069458,5.862596,2.229008,3.236641,1443087264.378336,1
0.014038,-0.498047,-0.070190,5.312977,-4.305344,5.465649,1443087264.408406,1
0.012939,0.469971,-0.068604,4.549618,-2.351145,-1.251908,1443087264.497686,1
0.011841,0.468994,-0.070312,6.534351,-1.770992,-2.137405,1443087264.498336,1
0.012085,-0.500244,-0.069214,6.900764,-3.145038,10.198473,1443087264.498711,1
0.012085,-0.500122,-0.070435,2.595420,6.748092,-10.595420,1443087264.528477,1
0.011230,-0.497681,-0.068726,5.251908,-14.473283,4.213740,1443087264.558283,1
0.013306,0.468994,-0.069336,6.198473,8.824428,1.832061,1443087264.588372,1
0.010132,-0.497314,-0.067017,-14.809160,-0.732824,0.152672,1443087264.618401,1
0.011719,-0.496826,-0.068604,0.671756,-22.687023,10.870229,1443087264.678375,1
0.011597,-0.501099,-0.065918,3.328244,-0.458015,-19.267176,1443087264.767907,1
0.010742,0.469604,-0.069580,4.732824,4.244275,5.862596,1443087264.771310,1
0.012207,0.468872,-0.069092,4.549618,-3.572519,-1.557252,1443087264.827773,1
0.012451,-0.497559,-0.069946,1.587786,15.969465,-6.992366,1443087264.831265,1
0.013428,0.469360,-0.067871,1.221374,-4.305344,-0.580153,1443087264.858308,1
0.011353,0.468750,-0.068115,-7.877862,5.068702,27.022902,1443087264.888221,1
0.013062,-0.497437,-0.066895,12.946565,6.809160,10.167939,1443087264.918461,1
0.012329,0.469238,-0.070312,-10.809160,7.022901,0.488550,1443087264.948490,1
0.012085,-0.497925,-0.068604,-7.114504,-3.419847,17.862595,1443087264.978410,1
0.013672,0.469238,-0.070923,2.076336,2.564885,6.351145,1443087265.008430,1
0.010498,-0.497314,-0.070068,-6.961832,13.190840,18.503817,1443087265.038502,1
0.012817,0.468750,-0.068481,-4.488550,1.374046,13.221375,1443087265.068218,1
0.012695,0.470581,-0.070557,-10.717557,0.335878,0.305344,1443087265.128579,1
0.012085,0.469727,-0.071899,-4.824428,1.557252,12.183207,1443087265.188542,1
0.012573,-0.497070,-0.072144,7.450382,4.519084,-3.053435,1443087265.248392,1
0.012817,0.470337,-0.068970,-6.045802,0.824427,24.885496,1443087265.397744,1
0.011597,-0.498047,-0.071411,4.946565,26.839695,-0.305344,1443087265.577783,1
0.011963,0.469971,-0.068237,-1.648855,-1.740458,-10.595420,1443087265.581190,1
0.011719,0.469727,-0.069336,-2.351145,8.091603,-0.122137,1443087265.608525,1
0.011963,-0.498047,-0.073975,7.419847,21.587786,-1.282443,1443087265.697915,1
0.012329,-0.500244,-0.068359,4.793893,8.274809,0.732824,1443087265.698481,1
0.012207,-0.497192,-0.068237,-3.236641,-7.389313,-20.305344,1443087265.698816,1
0.011108,0.468750,-0.069824,8.152672,18.076336,5.221374,1443087265.728532,1
0.013428,0.470581,-0.068970,3.389313,-2.687023,8.946565,1443087265.787806,1
0.010620,-0.500244,-0.069580,8.793893,18.748091,-1.343511,1443087265.818660,1
0.011353,-0.500854,-0.071045,10.625955,1.099237,1.312977,1443087265.848450,1
0.012939,0.469116,-0.066040,7.572519,-10.778625,17.923664,1443087265.878667,1
0.011719,0.469482,-0.067017,62.290077,5.801527,-14.076336,1443087265.908340,1
0.012451,0.470093,-0.070190,-1.099237,-1.343511,-12.091603,1443087265.938391,1
0.012085,0.470093,-0.069702,10.961832,2.961832,10.687023,1443087265.968463,1
0.011719,-0.500488,-0.068481,6.900764,2.076336,7.419847,1443087266.027785,1
0.011841,0.469238,-0.069580,-7.267176,-2.992366,-5.312977,1443087266.031127,1
0.012085,0.470459,-0.066650,-0.213740,15.297709,-11.114504,1443087266.058341,1
0.011230,-0.500488,-0.069824,5.282443,0.091603,-9.038168,1443087266.088558,1
0.009766,-0.497437,-0.067749,1.221374,-6.137404,-7.572519,1443087266.118508,1
0.011353,0.470093,-0.068237,4.366412,1.709924,5.404580,1443087266.148595,1
0.012939,-0.497559,-0.067383,-1.984733,-0.458015,-9.007633,1443087266.178569,1
0.010010,-0.500366,-0.067505,-12.671756,8.061069,7.358778,1443087266.238433,1
0.013794,0.470215,-0.068115,-9.435115,4.580153,12.671756,1443087266.268470,1
0.011108,-0.500122,-0.070190,-7.358778,-2.351145,-10.473283,1443087266.358031,1
0.013184,-0.497437,-0.071411,-1.679389,-0.274809,14.809160,1443087266.358577,1
0.010864,0.469604,-0.069702,-6.076336,-4.854962,-6.687023,1443087266.387984,1
0.011963,0.469727,-0.071411,-11.786260,-3.389313,3.114504,1443087266.391670,1
0.012207,0.470337,-0.066040,-7.175572,-4.366412,6.809160,1443087266.418228,1
0.015137,0.469482,-0.070068,-6.229008,-1.862595,1.099237,1443087266.448052,1
0.011597,0.470215,-0.070190,-14.106871,9.251908,-10.290076,1443087266.507279,1
0.013916,0.469238,-0.070679,-8.366412,-10.961832,-3.328244,1443087266.509133,1
0.011597,0.469849,-0.067627,-0.885496,-10.229008,2.992366,1443087266.537979,1
0.012695,0.470093,-0.071411,62.442749,62.503819,7.694656,1443087266.568091,1
0.011963,-0.500854,-0.070557,-8.763359,0.885496,-0.305344,1443087266.629387,1
0.013062,-0.500488,-0.071899,-4.824428,-19.664122,4.213740,1443087266.657881,1
0.012451,0.469727,-0.070923,-7.328244,0.458015,2.748092,1443087266.687968,1
0.012451,0.468872,-0.069458,3.358779,-2.900763,4.183206,1443087266.747949,1
0.012329,0.469238,-0.068359,-4.641222,-17.160305,2.870229,1443087266.777962,1
0.011353,-0.497803,-0.070679,-11.083969,-2.412214,61.709923,1443087266.838226,1
0.012939,-0.500244,-0.071655,-15.114504,-0.030534,6.534351,1443087266.868645,1
0.012817,-0.501587,-0.069580,-8.610687,1.251908,-6.137404,1443087266.927706,1
0.012817,0.469360,-0.069946,9.923664,0.824427,18.534351,1443087266.931267,1
0.013184,0.469482,-0.067505,0.732824,-14.015267,-2.839695,1443087266.958486,1
0.014038,-0.500122,-0.070190,-0.946565,-5.251908,8.671756,1443087266.988347,1
0.010986,0.469360,-0.072144,-7.877862,-2.290076,-10.534351,1443087267.047804,1
0.011841,0.470581,-0.067993,-4.854962,9.862596,12.488549,1443087267.078045,1
0.009644,-0.500610,-0.068604,-4.274809,-13.465649,22.015266,1443087267.081301,1
0.012207,0.470581,-0.069946,-13.404580,-3.083969,0.274809,1443087267.198076,1
0.013672,-0.497070,-0.066772,62.290077,12.549619,-2.717557,1443087267.227791,1
0.009888,-0.500977,-0.067505,5.312977,11.358779,-0.152672,1443087267.231124,1
0.012207,0.469604,-0.071899,0.671756,-10.381680,9.923664,1443087267.231529,1
0.011841,0.469849,-0.068115,10.473283,2.900763,-6.717557,1443087267.231847,1
0.011353,-0.497681,-0.068848,-5.343512,10.687023,20.641222,1443087267.287851,1
0.013062,-0.497925,-0.067627,-8.396947,-1.007634,3.389313,1443087267.291136,1
0.010132,0.468750,-0.067383,-6.778626,-0.793893,12.335877,1443087267.318762,1
0.011841,-0.500366,-0.070801,-5.343512,17.190840,21.709923,1443087267.348541,1
0.013550,0.468750,-0.070923,-1.099237,-3.633588,13.129771,1443087267.378535,1
0.011353,0.469482,-0.070435,2.320611,62.290077,12.977099,1443087267.408876,1
0.011230,0.469238,-0.068604,-0.213740,16.396946,2.809160,1443087267.438786,1
0.013184,0.469238,-0.068359,0.183206,-8.824428,26.167938,1443087267.497826,1
0.012573,0.468994,-0.071167,-3.419847,15.053435,1.893130,1443087267.501093,1
0.012085,0.470459,-0.068359,-8.732824,23.908398,0.519084,1443087267.528789,1
0.012573,0.468994,-0.068115,4.580153,0.244275,14.290076,1443087267.558659,1
0.012085,0.469971,-0.070190,-6.076336,0.641221,4.854962,1443087267.588680,1
0.011963,0.469727,-0.065674,0.488550,10.717557,23.328245,1443087267.618453,1
0.010498,0.469360,-0.070557,-14.595420,7.236641,12.519084,1443087267.648568,1
0.014038,0.468994,-0.066895,-6.595420,10.534351,7.236641,1443087267.678760,1
0.012085,-0.498047,-0.067017,-5.770992,6.625954,5.251908,1443087267.767894,1
0.012573,0.469604,-0.071411,3.511450,61.801525,10.931297,1443087267.771278,1
0.013062,0.469604,-0.070190,-4.671756,-17.923664,-3.328244,1443087267.798795,1
0.011597,-0.497803,-0.066040,-3.267176,16.396946,15.145039,1443087267.828666,1
0.013062,0.470215,-0.071533,-11.419847,9.526717,1.374046,1443087267.858347,1
0.013672,-0.497559,-0.066528,-6.290076,-13.404580,-8.061069,1443087267.888524,1
0.011230,-0.497803,-0.069702,2.595420,-1.679389,9.129771,1443087267.919127,1
0.011475,0.469482,-0.068115,-5.190840,-3.145038,8.946565,1443087267.977769,1
0.011353,-0.497192,-0.068604,-8.763359,61.984734,10.351145,1443087267.980955,1
0.012085,0.469116,-0.066772,-5.374046,-10.290076,-6.595420,1443087268.008548,1
0.012573,0.468872,-0.068359,-9.496183,2.809160,8.427481,1443087268.038493,1
0.011597,0.470093,-0.067261,-7.145038,-22.931297,-8.824428,1443087268.068551,1
0.010132,-0.496826,-0.067627,-1.648855,-18.961832,8.946565,1443087268.098567,1
0.013550,-0.501099,-0.069946,3.328244,1.282443,-17.648855,1443087268.128683,1
0.010132,0.468994,-0.068726,-5.526718,-10.900764,1.496183,1443087268.158549,1
0.012085,0.469971,-0.070557,-10.717557,-0.610687,-1.404580,1443087268.188633,1
0.011475,0.469238,-0.067749,-2.687023,-4.519084,-1.007634,1443087268.248587,1
0.011597,0.468872,-0.071289,1.190840,-16.305344,4.610687,1443087268.278545,1
0.012329,0.469849,-0.069214,62.442749,7.297710,4.854962,1443087268.308591,1
0.011719,-0.500122,-0.068604,0.305344,5.099236,-3.267176,1443087268.371410,1
0.009888,0.470581,-0.071045,-11.786260,6.351145,-10.106871,1443087268.398760,1
0.013062,0.470215,-0.069336,-1.129771,2.961832,-2.015267,1443087268.428879,1
0.011597,-0.497314,-0.070068,-4.824428,-10.961832,10.015267,1443087268.458454,1
0.011841,0.469604,-0.067383,-8.946565,-10.015267,-13.679389,1443087268.488580,1
0.010986,-0.497314,-0.068970,-9.465649,-4.916030,3.877863,1443087268.518651,1
0.011353,0.470093,-0.068848,-5.740458,-14.320611,10.564885,1443087268.548558,1
0.010498,0.469971,-0.070435,-4.305344,0.152672,6.015267,1443087268.578508,1
0.011597,-0.497314,-0.067627,-9.832061,16.641222,18.992367,1443087268.608583,1
0.012939,0.470581,-0.069458,61.923664,-2.564885,-8.824428,1443087268.638662,1
0.015015,-0.497681,-0.071655,-13.557252,-16.824427,19.450382,1443087268.668519,1
0.012695,-0.500244,-0.070068,-0.396947,-2.992366,-13.343512,1443087268.728066,1
0.012329,-0.498047,-0.071777,-4.122138,7.145038,0.641221,1443087268.731332,1
0.010864,-0.500244,-0.069336,-6.961832,12.213740,0.916031,1443087268.758552,1
0.011963,0.469482,-0.068848,-4.458015,11.053435,1.770992,1443087268.788560,1
0.014038,-0.498047,-0.068970,-11.786260,-2.625954,-2.198473,1443087268.818690,1
0.011475,-0.497192,-0.067261,-3.938931,-2.076336,6.381680,1443087268.848605,1
0.012207,-0.497070,-0.070312,-10.351145,-13.190840,5.954198,1443087268.878701,1
0.013184,0.469727,-0.071167,-2.351145,-0.122137,-3.145038,1443087268.908449,1
0.012085,0.468750,-0.068359,-6.961832,61.526718,17.709923,1443087268.938630,1
0.013306,0.469604,-0.070068,-9.282443,13.618320,1.770992,1443087268.968563,1
0.010376,-0.497681,-0.071167,-8.610687,-17.832062,-0.488550,1443087268.998613,1
0.010254,0.470215,-0.068970,-4.793893,0.977099,2.900763,1443087269.028718,1
0.010620,-0.501465,-0.069824,4.549618,8.152672,26.961832,1443087269.058448,1
0.010254,-0.497803,-0.069580,-10.320611,-11.786260,16.916031,1443087269.088680,1
0.012939,0.469849,-0.068726,-11.938931,11.053435,-1.282443,1443087269.118566,1
0.013306,0.469604,-0.069580,62.198475,-8.488549,24.702290,1443087269.148644,1
0.011597,0.470215,-0.071411,4.396946,4.305344,3.419847,1443087269.178628,1
0.014160,0.468872,-0.066040,-0.213740,-3.297710,5.312977,1443087269.238567,1
0.011230,-0.500488,-0.068726,10.595420,-9.221375,21.465649,1443087269.298620,1
0.012573,-0.497925,-0.069336,-0.763359,-8.763359,14.015267,1443087269.328824,1
0.014648,-0.501221,-0.070923,0.854962,17.129770,18.656488,1443087269.358456,1
0.013550,0.469360,-0.066650,-6.809160,21.435114,21.862595,1443087269.417953,1
0.010620,0.469360,-0.069946,10.992367,7.083970,9.740458,1443087269.421281,1
0.012451,0.470093,-0.072876,6.015267,-1.068702,0.396947,1443087269.448578,1
0.013550,0.468994,-0.070190,-2.900763,6.748092,18.748091,1443087269.478671,1
0.011597,0.468994,-0.068237,0.000000,17.740458,8.885496,1443087269.508570,1
0.012451,0.469727,-0.069702,-6.809160,2.900763,6.137404,1443087269.538711,1
0.013916,-0.497925,-0.072144,8.488549,4.244275,15.358779,1443087269.568604,1
0.011841,-0.497192,-0.067505,-0.213740,9.099236,-2.625954,1443087269.628765,1
0.011230,0.469727,-0.069092,3.877863,-1.526718,0.427481,1443087269.658517,1
0.012695,0.469604,-0.069580,-6.381680,7.083970,1.923664,1443087269.688702,1
0.012451,-0.497803,-0.069824,-6.625954,7.175572,-2.015267,1443087269.748612,1
0.011475,0.469849,-0.072632,-5.587786,-6.381680,0.213740,1443087269.778550,1
0.014160,-0.497925,-0.067749,-5.587786,-9.007633,4.488550,1443087269.838665,1
0.013306,0.470215,-0.068970,-3.572519,3.297710,2.320611,1443087269.868710,1
0.011597,0.470459,-0.068848,-1.984733,-4.030534,22.961832,1443087269.898543,1
0.012085,-0.496582,-0.067871,-3.083969,-2.351145,12.335877,1443087269.928737,1
0.013184,-0.500488,-0.069702,1.526718,-1.068702,11.389313,1443087269.958405,1
0.013306,-0.497437,-0.067383,-6.290076,-20.213741,1.374046,1443087269.988643,1
0.012573,-0.497803,-0.070312,2.809160,-5.190840,25.343512,1443087270.018641,1
0.012817,-0.500488,-0.070801,-3.419847,1.160305,62.442749,1443087270.048621,1
0.013672,0.470581,-0.070068,-5.038168,0.152672,11.297709,1443087270.078682,1
0.012817,-0.500732,-0.066650,7.236641,6.076336,18.534351,1443087270.108678,1
0.012085,0.470581,-0.068604,-8.946565,3.297710,22.229008,1443087270.167963,1
0.011353,-0.500122,-0.070068,-0.366412,3.725191,7.328244,1443087270.198070,1
0.012939,0.470337,-0.068604,-5.923664,-1.465649,0.977099,1443087270.201322,1
0.012817,0.468872,-0.069458,8.488549,13.954199,-5.282443,1443087270.228787,1
0.013062,-0.500122,-0.070923,-5.007634,8.977099,-4.305344,1443087270.258560,1
0.013184,0.468994,-0.066406,-0.396947,4.580153,-13.282443,1443087270.288759,1
0.012329,-0.497925,-0.069092,0.091603,-4.641222,0.732824,1443087270.348570,1
0.013062,0.470337,-0.068115,6.503817,-4.152672,0.061069,1443087270.408654,1
0.013550,-0.495850,-0.071655,-10.900764,-2.931298,-9.404580,1443087270.438675,1
0.008911,0.470215,-0.070190,5.984733,1.007634,-1.374046,1443087270.468557,1
0.011475,0.470337,-0.064819,11.480916,-2.290076,8.793893,1443087270.498637,1
0.013306,0.470093,-0.072998,-4.488550,9.648855,3.816794,1443087270.528779,1
0.013550,-0.500366,-0.067749,8.305344,16.488550,9.068703,1443087270.588212,1
0.008545,0.469360,-0.069092,6.717557,15.022901,3.389313,1443087270.591478,1
0.010986,0.470215,-0.069092,1.404580,19.389313,12.824428,1443087270.678095,1
0.013428,-0.497314,-0.071655,61.648853,3.877863,61.832062,1443087270.678700,1
0.011597,-0.501465,-0.066406,-2.534351,12.793893,-1.374046,1443087270.679106,1
0.012451,-0.500244,-0.068604,0.854962,2.167939,8.763359,1443087270.738603,1
0.012207,0.469604,-0.065308,-19.206106,5.740458,2.870229,1443087270.797913,1
0.012451,-0.500610,-0.070801,-12.122137,13.679389,16.366413,1443087270.801173,1
0.015015,-0.497559,-0.071167,-18.320610,-5.374046,21.648855,1443087270.828781,1
0.013672,-0.497681,-0.068481,1.068702,-1.954198,-0.183206,1443087270.858493,1
0.012817,0.470581,-0.067627,6.534351,9.770992,-2.534351,1443087270.917960,1
0.013184,-0.497314,-0.070435,-5.374046,16.244274,11.114504,1443087270.948682,1
0.013062,-0.497803,-0.067505,-9.465649,-5.740458,20.671755,1443087270.978612,1
0.011597,-0.500854,-0.072021,14.564885,0.335878,6.106870,1443087271.008534,1
0.011719,0.468994,-0.071777,-0.427481,15.236641,20.366413,1443087271.038683,1
0.013306,0.469727,-0.067749,-13.862596,2.167939,9.923664,1443087271.068653,1
0.013550,-0.497192,-0.067993,-6.290076,6.198473,10.106871,1443087271.098692,1
0.011719,0.470459,-0.069580,-10.687023,11.389313,14.076336,1443087271.128776,1
0.013062,-0.500977,-0.069336,10.625955,-3.633588,3.206107,1443087271.158595,1
0.010742,0.469238,-0.071655,61.801525,20.366413,22.992367,1443087271.188966,1
0.012207,0.469971,-0.067505,-16.366413,-10.290076,8.549619,1443087271.248668,1
0.013550,0.469971,-0.069580,1.374046,-10.015267,-7.236641,1443087271.278713,1
0.011841,0.470581,-0.071167,-6.809160,-10.503817,14.870229,1443087271.308724,1
0.012329,0.468750,-0.070801,-0.244275,14.687023,-20.000000,1443087271.338656,1
0.011475,0.470581,-0.068726,-5.007634,1.435115,12.305344,1443087271.368589,1
0.014282,0.469604,-0.070068,62.381680,25.404581,5.404580,1443087271.398690,1
0.011353,-0.500732,-0.071045,-7.114504,5.404580,1.221374,1443087271.428735,1
0.012329,0.468750,-0.070312,13.251908,11.328244,-7.358778,1443087271.488320,1
0.012573,0.469116,-0.066772,-11.053435,-3.236641,-16.091602,1443087271.488819,1
0.011841,0.469604,-0.069824,7.236641,5.679389,17.160305,1443087271.518735,1
0.013672,0.468750,-0.069336,-1.832061,10.992367,19.389313,1443087271.578691,1
0.012085,0.469116,-0.068970,6.351145,-19.664122,-2.778626,1443087271.608843,1
0.012573,0.470581,-0.070557,-9.099236,-10.625955,-1.496183,1443087271.638928,1
0.010864,0.470581,-0.067627,-8.244275,-0.183206,10.961832,1443087271.668723,1
0.012817,0.469360,-0.070190,-3.206107,-13.557252,4.610687,1443087271.699307,1
0.013428,0.469116,-0.068970,-18.442749,-18.870230,0.549618,1443087271.728985,1
0.013550,0.470459,-0.068848,11.511451,-3.236641,6.992366,1443087271.788035,1
0.013550,-0.496704,-0.071411,5.526718,-9.893129,10.381680,1443087271.791293,1
0.010864,-0.500122,-0.069946,-8.335877,-3.083969,-12.427481,1443087271.818907,1
0.013428,0.470459,-0.068848,0.641221,0.274809,10.900764,1443087271.878016,1
0.014771,0.470215,-0.066650,-7.083970,0.671756,-7.877862,1443087271.881340,1
0.011841,0.470093,-0.064819,1.374046,-2.351145,4.183206,1443087271.908649,1
0.012085,0.469604,-0.067139,-4.274809,-14.870229,-9.801527,1443087271.938715,1
0.013428,0.470459,-0.071655,3.145038,-19.725191,5.435114,1443087271.969045,1
0.012695,0.469116,-0.070679,-8.213740,-6.595420,-9.557252,1443087272.027966,1
0.011719,0.468872,-0.067749,-3.572519,-16.305344,1.099237,1443087272.031218,1
0.011963,0.469604,-0.069336,-0.549618,-14.870229,-15.725191,1443087272.058628,1
0.012939,-0.497803,-0.071045,-0.763359,7.725191,62.351147,1443087272.089246,1
0.011475,0.469604,-0.065796,-2.503817,13.251908,-2.473282,1443087272.118682,1
0.013306,-0.500732,-0.066528,-1.465649,6.961832,-15.083969,1443087272.178008,1
0.011719,-0.498047,-0.069824,3.847328,-4.244275,11.114504,1443087272.181325,1
0.013428,0.469116,-0.068726,-1.312977,5.007634,3.267176,1443087272.238777,1
0.012329,-0.497925,-0.069458,-14.106871,-1.648855,-12.335877,1443087272.268797,1
0.012573,0.470337,-0.068237,-8.549619,-2.961832,11.358779,1443087272.298798,1
0.010986,0.469482,-0.067383,-14.045801,-5.251908,-0.641221,1443087272.388126,1
0.012451,-0.500366,-0.070190,-4.000000,1.282443,7.389313,1443087272.391454,1
0.011719,0.468994,-0.069092,-6.473282,-8.763359,5.862596,1443087272.391867,1
0.012085,-0.500244,-0.072266,-6.931298,5.038168,6.442748,1443087272.418900,1
0.013550,-0.500732,-0.065063,-18.839695,-7.328244,-13.312977,1443087272.448759,1
0.011963,0.469238,-0.070557,-7.358778,14.290076,0.580153,1443087272.478746,1
0.011230,0.468872,-0.067871,-8.946565,11.603053,-14.931297,1443087272.508768,1
0.012939,0.470215,-0.068970,-1.496183,-7.206107,-1.770992,1443087272.538760,1
0.012451,0.470215,-0.071533,-8.793893,-3.145038,-1.954198,1443087272.568648,1
0.011597,0.469238,-0.071167,-10.503817,12.671756,-12.946565,1443087272.598774,1
0.012451,0.469849,-0.070679,-6.473282,9.526717,-1.038168,1443087272.628842,1
0.012573,-0.501099,-0.067383,-10.900764,-11.969465,-8.610687,1443087272.688873,1
0.012695,-0.500122,-0.069580,1.709924,-3.358779,-3.633588,1443087272.748652,1
0.013428,0.470215,-0.071533,5.618320,14.961832,1.190840,1443087272.778704,1
0.011719,0.470093,-0.069214,-4.000000,0.396947,-7.236641,1443087272.808753,1
0.015137,0.469360,-0.069458,11.328244,-0.793893,4.427481,1443087272.838828,1
0.011475,0.470215,-0.069824,7.236641,5.801527,30.320610,1443087272.868729,1
0.008911,-0.500244,-0.064697,-1.312977,-2.137405,0.427481,1443087272.898820,1
0.011475,0.469604,-0.070801,-1.679389,6.748092,2.076336,1443087272.928910,1
0.012451,0.469849,-0.069092,6.381680,-3.236641,24.946566,1443087272.991291,1
0.014038,0.470459,-0.070801,10.625955,0.824427,-12.061069,1443087273.048036,1
0.011597,0.469849,-0.068848,-3.236641,-2.473282,0.488550,1443087273.051666,1
0.013428,-0.497803,-0.069580,0.885496,22.992367,0.916031,1443087273.138152,1
0.011475,0.468994,-0.073120,0.671756,15.206107,18.656488,1443087273.141377,1
0.011841,-0.500488,-0.070801,-5.038168,-6.534351,6.961832,1443087273.198135,1
0.012085,0.469238,-0.066650,-0.244275,-15.145039,-1.160305,1443087273.201469,1
0.013428,0.469116,-0.069702,-10.137404,17.465649,26.137405,1443087273.229146,1
0.011353,0.469360,-0.071899,-7.450382,7.358778,14.106871,1443087273.288147,1
0.012573,0.469360,-0.068604,-11.267176,62.381680,4.824428,1443087273.291472,1
0.013916,-0.497925,-0.070923,2.656489,-6.870229,-3.572519,1443087273.318797,1
0.012329,0.469360,-0.067627,-7.511450,9.099236,0.396947,1443087273.348875,1
0.011841,0.469727,-0.067139,-3.053435,9.984733,26.167938,1443087273.438105,1
0.012329,0.469727,-0.072021,-5.893130,8.305344,27.816793,1443087273.438672,1
0.012207,0.468872,-0.066772,-0.580153,3.114504,22.809160,1443087273.442160,1
0.014404,-0.497925,-0.067871,-3.541985,1.221374,1.435115,1443087273.468909,1
0.013184,-0.497559,-0.067261,-13.374045,-5.374046,8.549619,1443087273.498972,1
0.013672,-0.498047,-0.070435,-0.213740,11.480916,27.297710,1443087273.528874,1
0.013916,-0.498047,-0.071777,-10.351145,11.389313,1.068702,1443087273.558726,1
0.010132,0.470459,-0.068970,-1.465649,-17.862595,23.083969,1443087273.589014,1
0.014526,0.470337,-0.072021,0.335878,-5.770992,13.801527,1443087273.648121,1
0.013672,-0.469116,-0.070068,-11.786260,16.213741,6.473282,1443087273.651746,1
0.011841,-0.500244,-0.069946,-11.786260,-5.099236,-9.404580,1443087273.738586,1
0.013550,-0.497925,-0.067871,-2.534351,12.488549,10.106871,1443087273.739115,1
0.013062,0.469360,-0.067017,-0.458015,0.091603,12.824428,1443087273.768898,1
0.012817,0.470581,-0.070679,3.328244,-7.938931,-3.603053,1443087273.828785,1
0.013550,0.469360,-0.068604,-0.916031,14.900764,15.206107,1443087273.858729,1
0.013794,0.469238,-0.065552,-0.030534,62.229008,-5.862596,1443087273.948086,1
0.011963,0.469238,-0.068481,0.152672,-18.656488,-12.946565,1443087273.952072,1
0.013306,-0.500732,-0.068604,2.473282,3.206107,-22.167938,1443087273.978787,1
0.012573,-0.496826,-0.068848,-5.770992,2.778626,10.076336,1443087274.008812,1
0.013672,0.469238,-0.068848,7.755725,9.770992,-11.236641,1443087274.068356,1
0.011719,0.470581,-0.070312,9.893129,3.450382,-0.488550,1443087274.072240,1
0.012085,0.469604,-0.069458,-8.946565,-2.900763,15.267176,1443087274.098913,1
0.012695,-0.500610,-0.067505,1.160305,-5.587786,0.549618,1443087274.128992,1
0.011597,-0.498047,-0.069824,-8.061069,7.694656,5.435114,1443087274.158871,1
0.012329,0.469482,-0.070068,7.389313,-13.068703,6.961832,1443087274.189084,1
0.010864,0.469482,-0.069458,-0.061069,-4.977099,7.022901,1443087274.249131,1
0.012695,-0.500244,-0.068726,0.671756,-4.702290,-5.770992,1443087274.311374,1
0.013794,0.469238,-0.072266,13.068703,-9.099236,5.679389,1443087274.398082,1
0.012939,0.470093,-0.070923,2.076336,-6.473282,-13.893129,1443087274.401596,1
0.010132,0.469360,-0.067993,4.213740,0.488550,7.603054,1443087274.428989,1
0.012817,0.470093,-0.068848,-2.748092,-4.458015,62.229008,1443087274.458736,1
0.011597,-0.497803,-0.069336,-3.206107,-6.381680,-7.511450,1443087274.518394,1
0.010986,0.468872,-0.071899,2.809160,1.557252,-13.129771,1443087274.522192,1
0.011963,0.469604,-0.070801,1.007634,0.824427,9.160305,1443087274.608265,1
0.013428,0.469971,-0.068481,-9.435115,-18.045801,0.702290,1443087274.608854,1
0.010986,-0.497681,-0.066528,-14.045801,7.358778,-0.793893,1443087274.609186,1
0.012085,0.469849,-0.070679,-5.496183,6.473282,16.030535,1443087274.698198,1
0.012573,-0.496948,-0.065430,9.740458,1.343511,9.709924,1443087274.698810,1
0.011841,0.469116,-0.069214,-3.572519,6.198473,-0.763359,1443087274.699145,1
0.011230,0.470581,-0.067017,-0.213740,-3.083969,10.534351,1443087274.758657,1
0.011963,-0.501099,-0.069824,-5.557252,-3.511450,-3.083969,1443087274.759160,1
0.013428,-0.496948,-0.067383,-1.465649,-3.083969,15.938931,1443087274.788868,1
0.013306,0.469971,-0.070435,-5.740458,0.274809,3.511450,1443087274.818864,1
0.012695,0.469238,-0.070068,-9.465649,3.511450,10.503817,1443087274.848857,1
0.013550,0.469238,-0.071655,61.923664,10.106871,23.083969,1443087274.908092,1
0.011597,-0.496826,-0.071411,11.297709,62.381680,18.931297,1443087274.911336,1
0.012939,0.469971,-0.069824,-2.534351,2.381679,17.465649,1443087274.968514,1
0.012451,0.468994,-0.071533,-7.541985,2.381679,9.618320,1443087274.972009,1
0.011353,-0.497437,-0.068115,-1.618321,-1.282443,16.580153,1443087275.058105,1
0.012695,0.468872,-0.069702,-10.015267,-8.641221,3.267176,1443087275.061476,1
0.011597,-0.496826,-0.069702,0.458015,6.534351,30.595419,1443087275.088805,1
0.013672,-0.497437,-0.068237,-15.145039,-22.290077,8.458015,1443087275.119021,1
0.011963,-0.500488,-0.069458,6.717557,16.885496,13.618320,1443087275.148925,1
0.011108,0.469360,-0.068237,-14.442748,6.503817,20.916031,1443087275.178860,1
0.013306,-0.501953,-0.067505,11.328244,4.244275,10.015267,1443087275.268747,1
0.011597,-0.500244,-0.067993,6.717557,-2.809160,22.534351,1443087275.272226,1
0.013428,0.469238,-0.070801,11.145039,14.442748,8.366412,1443087275.328106,1
0.010986,0.469360,-0.070679,5.648855,0.488550,0.641221,1443087275.331558,1
0.013062,0.470215,-0.070557,2.137405,12.183207,10.656488,1443087275.358790,1
0.011108,-0.497681,-0.073853,0.885496,12.396947,15.908397,1443087275.388930,1
0.012939,0.468994,-0.067139,2.442748,-6.870229,1.068702,1443087275.448098,1
0.012085,0.468872,-0.068604,-1.984733,0.274809,23.938931,1443087275.451361,1
0.010010,-0.497803,-0.070801,-2.351145,4.885496,14.748092,1443087275.538768,1
0.012451,0.470093,-0.063843,3.236641,-2.015267,6.748092,1443087275.568883,1
0.012329,0.470581,-0.071655,13.648855,15.236641,13.770992,1443087275.598862,1
0.011963,0.469604,-0.070801,1.557252,62.167938,17.129770,1443087275.629070,1
0.012207,-0.501099,-0.066895,-3.938931,-0.946565,9.312977,1443087275.658724,1
0.012939,-0.498047,-0.069092,1.557252,11.267176,-2.748092,1443087275.689058,1
0.011841,-0.497803,-0.071045,-4.305344,-8.916031,1.343511,1443087275.868512,1
0.011353,0.470215,-0.066772,-16.030535,3.786260,-10.717557,1443087275.869101,1
0.009766,0.470215,-0.070190,-4.824428,-16.366413,-4.061069,1443087275.869431,1
0.013794,-0.498047,-0.067749,-8.763359,-9.007633,-3.053435,1443087275.869840,1
0.011108,0.469727,-0.070923,-14.961832,-1.984733,-0.152672,1443087275.872947,1
0.014038,0.468994,-0.068848,-14.259542,-11.450381,2.473282,1443087275.957846,1
0.012207,0.469360,-0.072632,0.152672,10.625955,-16.824427,1443087275.958150,1
0.009521,-0.500610,-0.069580,3.664122,10.564885,-10.625955,1443087275.960191,1
0.013184,0.469116,-0.066772,-6.595420,12.061069,-4.946565,1443087275.988429,1
0.012329,0.469360,-0.068481,62.412212,-1.068702,-7.145038,1443087276.018753,1
0.010254,-0.497437,-0.068726,-4.671756,-0.213740,-15.145039,1443087276.048652,1
0.012939,0.469482,-0.070801,-9.648855,6.870229,13.557252,1443087276.108283,1
0.011230,-0.500854,-0.067017,-3.969466,8.763359,-7.969466,1443087276.111641,1
0.014038,0.469116,-0.070923,-3.603053,-0.183206,-17.862595,1443087276.139287,1
0.013306,-0.500122,-0.071899,-7.877862,0.244275,-2.961832,1443087276.168954,1
0.014038,0.469604,-0.067627,-5.557252,-24.549618,3.541985,1443087276.198962,1
0.011597,0.470459,-0.068359,-5.221374,-5.190840,-6.320611,1443087276.229087,1
0.012085,-0.500122,-0.067383,-5.038168,-16.824427,-12.396947,1443087276.288435,1
0.012573,-0.497681,-0.068604,11.694656,1.099237,2.381679,1443087276.291731,1
0.012207,0.469360,-0.070923,8.122137,-2.290076,5.312977,1443087276.319034,1
0.010620,0.468750,-0.068115,3.511450,1.160305,-12.916031,1443087276.348935,1
0.011230,0.470093,-0.069214,10.442748,9.526717,0.122137,1443087276.408172,1
0.011353,0.470215,-0.069214,7.083970,2.381679,3.297710,1443087276.438170,1
0.012695,-0.498047,-0.070190,6.900764,62.503819,4.366412,1443087276.441415,1
0.012329,-0.500488,-0.068604,9.587787,12.030535,1.832061,1443087276.498231,1
0.013184,0.469116,-0.070923,-6.106870,12.824428,-4.885496,1443087276.502233,1
0.013794,0.469116,-0.068115,3.816794,-6.595420,-22.076336,1443087276.529038,1
0.013184,-0.500122,-0.067017,1.740458,-11.114504,5.221374,1443087276.618607,1
0.011841,0.469604,-0.070190,2.992366,10.931297,6.290076,1443087276.622623,1
0.013062,0.469727,-0.071655,12.396947,-2.351145,3.725191,1443087276.623036,1
0.012573,-0.497559,-0.068237,9.038168,4.244275,1.832061,1443087276.648997,1
0.013428,0.469727,-0.066650,4.549618,10.931297,2.473282,1443087276.679004,1
0.010864,-0.500122,-0.066895,61.954197,12.213740,0.061069,1443087276.738999,1
0.012329,-0.500854,-0.066406,8.671756,14.351145,2.870229,1443087276.768959,1
0.012451,0.470093,-0.072144,4.580153,-3.145038,-0.458015,1443087276.798949,1
0.013428,-0.497803,-0.070068,-18.839695,-8.885496,7.022901,1443087276.829237,1
0.012817,-0.500366,-0.067261,-1.282443,18.015266,4.671756,1443087276.858723,1
0.012207,0.469238,-0.070679,-12.458015,6.473282,14.015267,1443087276.888952,1
0.012329,0.469482,-0.071411,-0.366412,2.045802,-1.068702,1443087276.918982,1
0.012817,-0.500977,-0.070190,-10.198473,4.335878,17.984734,1443087276.948908,1
0.011841,0.469971,-0.071289,2.442748,-7.541985,3.450382,1443087276.978973,1
0.012085,-0.500122,-0.068359,-13.923664,1.129771,22.381680,1443087277.008935,1
0.014526,0.470581,-0.069336,6.198473,62.442749,11.664123,1443087277.038978,1
0.013062,-0.500366,-0.070312,-9.312977,3.572519,24.244274,1443087277.068978,1
0.011841,0.469604,-0.065430,1.770992,-14.809160,9.862596,1443087277.099003,1
0.012451,0.470581,-0.068115,-5.923664,22.259542,8.671756,1443087277.158364,1
0.013428,0.469360,-0.070435,-6.656488,-9.770992,3.206107,1443087277.278401,1
0.012207,-0.500122,-0.067627,-10.900764,-13.190840,24.977098,1443087277.278990,1
0.010864,-0.500122,-0.069946,-12.488549,11.541985,1.374046,1443087277.279390,1
0.012207,-0.500122,-0.068237,-15.145039,-5.038168,25.618320,1443087277.282637,1
0.011963,-0.497559,-0.070190,5.496183,-1.465649,22.992367,1443087277.368375,1
0.011475,-0.497925,-0.071167,1.587786,61.526718,-8.427481,1443087277.368882,1
0.012207,0.470459,-0.068359,-6.809160,15.267176,-6.625954,1443087277.458347,1
0.012329,0.470459,-0.069946,-2.687023,62.259541,-13.312977,1443087277.458860,1
0.012451,-0.500122,-0.070557,-8.396947,1.557252,2.564885,1443087277.459185,1
0.012695,0.470215,-0.070190,-7.328244,0.702290,6.961832,1443087277.488282,1
0.010986,0.470215,-0.069214,8.885496,26.015266,-6.992366,1443087277.491556,1
0.010132,0.470093,-0.067871,9.038168,-1.801527,14.992367,1443087277.548343,1
0.012573,-0.497192,-0.068848,62.167938,1.557252,13.404580,1443087277.551775,1
0.012573,0.470215,-0.069702,-0.916031,7.755725,4.641222,1443087277.579067,1
0.012085,0.469604,-0.072266,-0.793893,-7.541985,4.641222,1443087277.609127,1
0.012451,0.469849,-0.068848,3.114504,-5.557252,27.114504,1443087277.639089,1
0.011841,-0.468994,-0.069580,5.984733,12.122137,27.938931,1443087277.668919,1
0.012207,-0.500488,-0.069214,7.755725,1.465649,20.763359,1443087277.729072,1
0.011230,-0.497681,-0.068359,-8.396947,-6.473282,-4.122138,1443087277.791648,1
0.011597,0.469727,-0.068481,-11.938931,-3.603053,-8.977099,1443087277.848402,1
0.010864,0.470093,-0.068726,-9.984733,-2.351145,-21.374046,1443087277.851738,1
0.011475,0.468872,-0.069214,-9.068703,-2.137405,-13.312977,1443087277.879065,1
0.012573,0.468872,-0.069824,-6.381680,-12.427481,0.335878,1443087277.909002,1
0.012329,0.470093,-0.069214,13.496183,-6.106870,13.038168,1443087277.939009,1
0.012085,0.469727,-0.069214,-1.801527,-7.053435,61.557251,1443087277.968995,1
0.012695,0.469849,-0.071899,5.648855,-4.091603,13.343512,1443087277.998937,1
0.011963,0.468872,-0.070679,-7.145038,2.778626,-12.091603,1443087278.029380,1
0.010864,0.468750,-0.068726,4.610687,3.450382,4.641222,1443087278.058915,1
0.011108,0.469604,-0.070557,6.900764,11.145039,-6.198473,1443087278.089164,1
0.013428,-0.495728,-0.069458,-4.427481,-11.114504,-9.404580,1443087278.119097,1
0.012085,0.469604,-0.070435,0.244275,13.343512,3.206107,1443087278.149057,1
0.012817,0.470581,-0.070068,-5.129771,5.679389,-0.916031,1443087278.179102,1
0.013062,0.468872,-0.071655,6.320611,18.351145,-1.709924,1443087278.239028,1
0.013062,0.468872,-0.068970,-12.671756,-15.694656,13.282443,1443087278.269024,1
0.011719,-0.497681,-0.068481,-8.030535,6.748092,18.748091,1443087278.299114,1
0.013916,0.469360,-0.067627,2.931298,0.305344,10.870229,1443087278.329017,1
0.012085,0.468872,-0.067383,-18.167938,62.137405,-7.358778,1443087278.358858,1
0.012085,0.470215,-0.071533,-1.648855,1.740458,9.343512,1443087278.389006,1
0.011353,0.469971,-0.067749,-7.297710,10.442748,61.923664,1443087278.419030,1
0.012939,0.468872,-0.067627,-1.648855,13.893129,5.587786,1443087278.448965,1
0.011963,0.468750,-0.068604,-13.740458,4.732824,1.190840,1443087278.479006,1
0.011841,0.469482,-0.070190,-4.793893,-2.076336,-10.595420,1443087278.509041,1
0.012207,-0.500610,-0.070068,-10.015267,22.595419,9.099236,1443087278.539248,1
0.013794,0.470215,-0.070435,-0.580153,-6.320611,6.595420,1443087278.568967,1
0.012451,0.469727,-0.068237,-3.267176,2.717557,9.587787,1443087278.599097,1
0.010986,0.469604,-0.067993,-8.885496,7.083970,6.229008,1443087278.629152,1
0.011230,-0.497925,-0.070312,-2.748092,11.358779,-0.488550,1443087278.658972,1
0.011963,0.470337,-0.067505,-14.442748,10.992367,13.129771,1443087278.719051,1
0.013062,0.470337,-0.070068,61.801525,8.427481,-17.740458,1443087278.749001,1
0.013306,0.470337,-0.069092,0.854962,-6.656488,6.564886,1443087278.778969,1
0.012207,0.470337,-0.069702,-2.564885,11.267176,5.343512,1443087278.808989,1
0.012817,0.470215,-0.070435,-9.435115,10.442748,-0.427481,1443087278.839061,1
0.010254,0.469116,-0.068848,-8.702291,1.618321,-10.595420,1443087278.869025,1
0.012085,-0.498047,-0.068848,-6.564886,-4.335878,12.916031,1443087278.899070,1
0.012451,0.469238,-0.068115,-7.145038,10.839695,0.580153,1443087278.929005,1
0.011963,0.469971,-0.069092,-4.641222,62.167938,2.503817,1443087278.958939,1
0.011353,0.469360,-0.073730,-11.236641,-1.190840,-3.022901,1443087279.018597,1
0.014038,-0.497192,-0.069214,-14.259542,0.458015,-2.015267,1443087279.021778,1
0.011719,0.470581,-0.070190,-12.641221,-8.580153,9.343512,1443087279.049224,1
0.012695,0.469971,-0.068604,-7.328244,22.931297,5.435114,1443087279.079065,1
0.012573,0.470459,-0.068359,-8.061069,-12.122137,6.412214,1443087279.109170,1
0.012695,-0.496094,-0.070557,-9.251908,2.564885,-13.526717,1443087279.139143,1
0.012085,-0.500732,-0.070679,-4.854962,-0.610687,12.916031,1443087279.169118,1
0.011597,0.469360,-0.066162,-6.259542,-0.732824,-2.717557,1443087279.199355,1
0.014038,0.469360,-0.074097,-7.511450,21.923664,1.038168,1443087279.229191,1
0.009644,0.469360,-0.069946,-5.160306,-17.312977,9.312977,1443087279.259020,1
0.013184,-0.501831,-0.065430,-1.618321,3.816794,13.374045,1443087279.289130,1
0.012695,0.470581,-0.069092,-0.061069,2.167939,1.893130,1443087279.349039,1
0.010010,-0.497559,-0.067749,-1.099237,5.618320,27.755726,1443087279.379050,1
0.013184,0.469727,-0.070190,-4.519084,-1.007634,11.694656,1443087279.409048,1
0.011719,-0.494873,-0.070679,61.954197,0.335878,18.320610,1443087279.439095,1
0.010620,0.468994,-0.066650,-6.809160,7.633588,10.961832,1443087279.469088,1
0.012817,0.470215,-0.069458,-0.030534,11.389313,13.801527,1443087279.499069,1
0.011353,-0.497925,-0.069336,-14.992367,3.572519,13.099236,1443087279.589223,1
0.011719,0.469116,-0.067505,-1.801527,17.312977,27.786259,1443087279.619102,1
0.013428,0.469727,-0.069458,-13.190840,-4.244275,0.000000,1443087279.649079,1
0.012329,0.469360,-0.070068,-6.778626,16.977098,11.022901,1443087279.679144,1
0.013428,0.470459,-0.074585,0.122137,0.641221,7.114504,1443087279.739082,1
0.012573,0.469238,-0.067261,-1.679389,5.007634,10.473283,1443087279.769064,1
0.012207,-0.497314,-0.070801,1.068702,-3.633588,0.671756,1443087279.799108,1
0.010620,0.470093,-0.068115,3.877863,-13.435115,0.366412,1443087279.829084,1
0.013550,0.469238,-0.069458,-3.053435,24.274809,-12.335877,1443087279.858979,1
0.014160,0.469604,-0.071899,2.595420,-14.534351,6.748092,1443087279.889088,1
0.012329,-0.498047,-0.070557,11.694656,10.656488,1.251908,1443087279.919150,1
0.009399,-0.500732,-0.070557,0.641221,0.396947,4.610687,1443087279.949063,1
0.012817,-0.497925,-0.066528,-2.900763,1.160305,61.709923,1443087279.979231,1
0.012573,0.470459,-0.067871,-1.496183,-8.152672,14.412213,1443087280.009181,1
0.014282,0.470093,-0.071899,5.282443,5.068702,-10.320611,1443087280.039072,1
0.012817,0.470337,-0.069092,-2.198473,7.358778,9.038168,1443087280.069781,1
0.013306,-0.500244,-0.069458,-3.053435,-6.992366,14.748092,1443087280.099149,1
0.012329,-0.497437,-0.067139,-6.809160,15.450381,-8.519084,1443087280.129164,1
0.012329,-0.500244,-0.068726,-6.106870,3.664122,7.358778,1443087280.159004,1
0.013916,-0.498047,-0.068359,7.572519,0.274809,-13.435115,1443087280.189776,1
0.013306,-0.496460,-0.070679,1.374046,0.000000,4.427481,1443087280.249115,1
0.012817,0.469849,-0.070557,-10.137404,2.625954,21.038168,1443087280.279131,1
0.011353,0.470215,-0.069580,-0.213740,-15.877863,10.229008,1443087280.309469,1
0.011963,-0.497803,-0.070801,-8.396947,21.251909,7.633588,1443087280.339089,1
0.012573,-0.501221,-0.066162,-5.526718,-3.480916,3.816794,1443087280.369191,1
0.013916,-0.498047,-0.069214,-6.473282,14.442748,2.045802,1443087280.399152,1
0.010254,0.470215,-0.073608,-7.511450,1.893130,21.709923,1443087280.429287,1
0.014771,0.470581,-0.069580,-6.809160,4.580153,2.992366,1443087280.458963,1
0.013184,0.469849,-0.068237,-9.282443,12.274809,0.305344,1443087280.489130,1
0.010986,-0.501221,-0.066162,-8.580153,-2.229008,8.824428,1443087280.519305,1
0.015259,-0.497681,-0.071045,-5.526718,-13.343512,17.068703,1443087280.549556,1
0.011597,-0.498047,-0.067383,-4.488550,5.954198,9.190840,1443087280.579182,1
0.010986,0.470093,-0.065674,2.809160,5.923664,7.175572,1443087280.609133,1
0.013184,0.469727,-0.069214,-3.419847,20.305344,23.083969,1443087280.668750,1
0.011597,0.470215,-0.071655,-13.343512,-12.610687,-6.748092,1443087280.672988,1
0.011230,0.469238,-0.065063,-7.175572,20.213741,20.854961,1443087280.699179,1
0.012451,-0.498047,-0.071045,-4.671756,-5.312977,13.679389,1443087280.758497,1
0.012451,0.470215,-0.068481,-6.106870,1.435115,3.083969,1443087280.761785,1
0.011719,-0.500244,-0.070557,-6.809160,-2.106870,0.824427,1443087280.818708,1
0.014404,-0.495361,-0.071045,-0.610687,13.221375,0.427481,1443087280.821999,1
0.011353,0.470459,-0.069946,-5.038168,-9.893129,4.763359,1443087280.849107,1
0.012207,-0.500366,-0.069580,-8.061069,9.496183,-5.587786,1443087280.879250,1
0.014160,0.469849,-0.070435,-1.435115,-3.480916,1.465649,1443087280.909053,1
0.011841,-0.498047,-0.070679,2.229008,-8.152672,1.160305,1443087280.968702,1
0.011353,-0.497803,-0.066406,-10.167939,8.305344,0.854962,1443087280.971867,1
0.011963,0.469116,-0.070190,-8.763359,-9.007633,3.145038,1443087280.999237,1
0.013062,0.469849,-0.070435,-0.763359,2.839695,10.045801,1443087281.029321,1
0.013062,0.470215,-0.071533,3.511450,-10.961832,1.160305,1443087281.059037,1
0.013672,-0.500122,-0.068481,14.137404,8.244275,10.748092,1443087281.089266,1
0.012939,-0.497559,-0.067383,-16.061069,-1.618321,26.900763,1443087281.119096,1
0.012573,0.469971,-0.071411,-14.259542,13.221375,5.099236,1443087281.178530,1
0.012451,-0.497681,-0.067017,-5.374046,19.267176,16.763359,1443087281.209154,1
0.012939,0.469482,-0.069946,-5.343512,6.839694,0.488550,1443087281.239367,1
0.012695,-0.497681,-0.071533,5.129771,14.442748,16.977098,1443087281.269188,1
0.012329,0.470093,-0.068359,-10.137404,0.335878,12.549619,1443087281.299145,1
0.012207,0.470215,-0.069580,5.129771,3.847328,0.183206,1443087281.329245,1
0.012207,0.469238,-0.067505,-14.076336,-18.656488,11.053435,1443087281.359106,1
0.011475,-0.497437,-0.069092,6.351145,12.061069,28.977098,1443087281.418553,1
0.011353,0.469482,-0.071899,-2.351145,3.236641,8.519084,1443087281.421977,1
0.011841,0.470337,-0.069336,-4.671756,-2.564885,0.519084,1443087281.449200,1
0.012329,-0.498047,-0.072632,8.824428,-10.931297,9.587787,1443087281.508594,1
0.012573,0.469849,-0.071167,-6.045802,-19.114504,1.282443,1443087281.512336,1
0.012451,0.469727,-0.072266,4.946565,7.022901,2.473282,1443087281.568676,1
0.013306,0.470459,-0.067871,4.580153,3.114504,2.595420,1443087281.572428,1
0.011353,-0.497070,-0.076172,2.259542,10.656488,9.679389,1443087281.628495,1
0.011841,0.470337,-0.067139,9.893129,15.969465,10.015267,1443087281.632254,1
0.012451,0.470093,-0.071777,15.603053,-9.160305,9.129771,1443087281.659055,1
0.012817,-0.497925,-0.069092,11.694656,11.633588,11.297709,1443087281.689160,1
0.011963,-0.500366,-0.068115,-13.587787,5.984733,5.862596,1443087281.749208,1
0.012451,-0.497681,-0.069580,-11.786260,-11.297709,-9.435115,1443087281.779207,1
0.011719,0.469482,-0.069824,-12.977099,62.198475,-8.427481,1443087281.809170,1
0.012085,-0.500244,-0.067871,-4.305344,5.801527,0.824427,1443087281.839120,1
0.013672,0.469360,-0.069946,-13.923664,15.297709,-3.022901,1443087281.869212,1
0.012329,0.470093,-0.068604,-9.129771,6.473282,0.793893,1443087281.928465,1
0.013794,-0.500366,-0.064819,-10.900764,3.175573,7.541985,1443087281.931982,1
0.012451,-0.497314,-0.067993,-5.770992,19.083969,15.511451,1443087281.958627,1
0.013794,0.469849,-0.070435,-11.267176,9.770992,-10.687023,1443087281.988678,1
0.010864,0.469727,-0.067871,-10.687023,-3.022901,2.015267,1443087282.018695,1
0.011353,0.470459,-0.071655,-5.038168,9.435115,18.259542,1443087282.048772,1
0.013794,0.469238,-0.067627,-1.099237,20.305344,-0.854962,1443087282.078988,1
0.012695,0.468750,-0.068237,6.534351,5.343512,23.938931,1443087282.108921,1
0.010620,0.469849,-0.070557,-6.229008,-4.335878,10.564885,1443087282.139406,1
0.013794,-0.495728,-0.067505,-8.244275,9.374045,15.419847,1443087282.169171,1
0.011719,0.470459,-0.068237,-13.923664,-7.053435,2.045802,1443087282.199276,1
0.013062,0.470459,-0.069458,10.961832,-15.145039,-1.007634,1443087282.229360,1
0.010498,-0.497559,-0.068237,-7.480916,61.801525,5.832061,1443087282.259051,1
0.012817,0.470337,-0.068604,62.167938,-22.931297,7.297710,1443087282.289390,1
0.012329,0.470093,-0.071533,9.740458,-5.709924,-8.091603,1443087282.319416,1
0.011230,0.469482,-0.069824,-4.335878,0.274809,-4.854962,1443087282.349275,1
0.012451,0.470581,-0.069824,10.259542,-6.473282,-1.038168,1443087282.379235,1
0.010742,-0.497925,-0.070923,1.709924,-7.267176,-18.961832,1443087282.409147,1
0.013672,0.470337,-0.068115,14.381680,-1.343511,-0.427481,1443087282.468719,1
0.012573,0.469604,-0.068970,-6.290076,3.328244,-3.664122,1443087282.471995,1
0.014893,-0.500366,-0.069702,4.916030,2.931298,-1.526718,1443087282.499293,1
0.012939,0.468750,-0.069824,4.427481,3.664122,0.488550,1443087282.529308,1
0.013794,-0.500122,-0.072876,15.572519,2.870229,-6.351145,1443087282.559123,1
0.011841,-0.497070,-0.067871,-1.496183,-5.312977,-4.000000,1443087282.618795,1
0.011108,-0.501831,-0.069458,1.557252,0.916031,-12.519084,1443087282.622508,1
0.011597,0.469360,-0.069336,1.740458,18.687023,5.587786,1443087282.678517,1
0.012695,-0.497437,-0.067749,-4.091603,62.045803,23.083969,1443087282.681863,1
0.013672,-0.496948,-0.067139,-16.366413,7.541985,25.190840,1443087282.739200,1
0.012695,0.469604,-0.068481,-9.618320,-10.442748,-5.221374,1443087282.769279,1
0.012207,0.469849,-0.067139,6.198473,3.664122,-6.748092,1443087282.799259,1
0.012329,-0.496704,-0.070068,-13.129771,9.648855,19.877863,1443087282.829408,1
0.010986,0.469116,-0.065063,4.610687,-3.572519,12.885496,1443087282.859039,1
0.012451,0.469604,-0.068359,-6.290076,1.099237,1.465649,1443087282.889288,1
0.011597,0.469116,-0.067017,-14.595420,3.541985,12.671756,1443087282.919242,1
0.011353,-0.496704,-0.070312,-4.885496,0.824427,1.099237,1443087282.978530,1
0.012573,-0.500488,-0.070435,-3.022901,11.053435,-1.160305,1443087282.982096,1
0.012451,-0.501099,-0.067627,-14.961832,2.351145,22.992367,1443087283.038515,1
0.011108,-0.497681,-0.067871,7.267176,5.954198,5.770992,1443087283.041751,1
0.012695,0.470337,-0.068237,-15.114504,-14.656488,6.412214,1443087283.069328,1
0.014282,-0.496094,-0.065918,-2.748092,-0.244275,-3.664122,1443087283.099351,1
0.013062,0.468872,-0.069214,-14.595420,8.244275,8.091603,1443087283.129357,1
0.014160,-0.497681,-0.070068,-5.587786,-0.396947,14.167939,1443087283.159193,1
0.012207,-0.497437,-0.068359,-5.709924,5.282443,20.000000,1443087283.189458,1
0.012207,0.470337,-0.071045,-8.580153,-12.519084,21.374046,1443087283.249198,1
0.012329,0.469849,-0.072021,-9.435115,9.099236,3.450382,1443087283.279295,1
0.012451,-0.497803,-0.071045,-11.267176,12.549619,15.358779,1443087283.309417,1
0.010620,-0.497925,-0.066650,-1.648855,-8.183207,-10.167939,1443087283.339372,1
0.012451,0.470093,-0.067871,-11.786260,61.801525,5.038168,1443087283.428716,1
0.013672,-0.497070,-0.068237,3.297710,3.053435,-18.992367,1443087283.429353,1
0.011963,0.469604,-0.071655,-6.961832,7.419847,0.854962,1443087283.429702,1
0.012085,0.470459,-0.069458,-5.923664,-3.969466,25.374046,1443087283.459166,1
0.010376,-0.500122,-0.066162,-7.328244,1.709924,-13.526717,1443087283.518935,1
0.012573,0.469360,-0.068848,-11.969465,-1.679389,5.496183,1443087283.522281,1
0.013550,-0.500244,-0.072266,-8.580153,-8.946565,2.687023,1443087283.608638,1
0.011963,0.469604,-0.070679,-4.152672,-14.870229,-5.038168,1443087283.818818,1
0.013184,0.470093,-0.070557,-8.366412,4.732824,-1.832061,1443087283.819338,1
0.013916,0.469360,-0.067993,6.503817,-12.335877,0.977099,1443087283.819664,1
0.013550,-0.497192,-0.068726,-6.625954,15.175572,-2.137405,1443087283.848605,1
0.013184,-0.501709,-0.069580,-10.900764,7.694656,1.648855,1443087283.849672,1
0.012695,0.469604,-0.067993,-11.053435,-0.519084,9.770992,1443087283.853343,1
0.012207,-0.501099,-0.068115,61.954197,-5.312977,1.557252,1443087283.853760,1
0.012329,-0.501709,-0.070190,-9.587787,-11.175572,-1.740458,1443087283.854087,1
0.014038,0.469360,-0.071533,-7.847328,11.145039,-6.167939,1443087283.854414,1
0.012085,0.468872,-0.070068,-9.465649,1.740458,-5.465649,1443087283.878861,1
0.012207,-0.497681,-0.066772,-2.167939,15.053435,5.648855,1443087283.882201,1
0.011963,0.468872,-0.068359,-5.374046,16.916031,11.419847,1443087283.909293,1
0.011353,-0.497803,-0.069580,0.396947,13.618320,2.045802,1443087283.969345,1
0.010864,0.469116,-0.066772,-10.503817,-2.198473,-7.541985,1443087283.999241,1
0.012085,-0.500488,-0.067871,2.137405,8.488549,-10.534351,1443087284.029385,1
0.011597,0.469849,-0.066772,-1.832061,18.748091,3.297710,1443087284.059194,1
0.010620,0.469482,-0.071045,-13.709924,-3.358779,-17.221375,1443087284.089444,1
0.011597,0.469360,-0.069702,11.328244,-12.213740,3.328244,1443087284.119170,1
0.014893,-0.496826,-0.070435,-1.465649,-2.473282,-6.687023,1443087284.149372,1
0.013550,-0.497925,-0.071411,-3.053435,7.694656,-1.099237,1443087284.209427,1
0.013062,0.469849,-0.070312,-7.358778,-0.396947,7.175572,1443087284.239580,1
0.010254,-0.500244,-0.067261,-9.099236,1.404580,0.396947,1443087284.269257,1
0.011841,-0.496826,-0.066772,-4.732824,-4.580153,-2.748092,1443087284.299314,1
0.011963,0.469971,-0.071167,-13.343512,1.404580,-8.427481,1443087284.329424,1
0.012939,0.469482,-0.070068,2.412214,-1.679389,-2.045802,1443087284.359465,1
0.010254,-0.500488,-0.067627,-7.175572,-3.236641,-9.435115,1443087284.389300,1
0.013062,0.469604,-0.069824,-0.763359,14.167939,6.045802,1443087284.419297,1
0.013306,-0.497925,-0.068726,-12.091603,0.213740,-10.351145,1443087284.449239,1
0.010498,-0.500854,-0.065918,1.190840,0.824427,4.244275,1443087284.479507,1
0.013184,0.468994,-0.067383,-15.145039,13.282443,-5.251908,1443087284.509259,1
0.011475,-0.500122,-0.067871,-5.923664,4.916030,7.603054,1443087284.539328,1
0.010986,0.470337,-0.070801,-0.061069,-12.702291,-2.412214,1443087284.569298,1
0.014282,0.468872,-0.066528,-0.610687,-0.335878,0.641221,1443087284.599604,1
0.009521,0.469482,-0.068115,-8.427481,6.961832,61.893131,1443087284.629429,1
0.012939,0.468750,-0.067383,1.221374,-12.122137,9.557252,1443087284.659388,1
0.011475,0.469849,-0.070190,-6.961832,6.473282,6.961832,1443087284.689469,1
0.013306,0.469727,-0.069702,-6.290076,-6.137404,-3.022901,1443087284.749345,1
0.010986,0.470337,-0.072388,-2.900763,-9.343512,19.450382,1443087284.808580,1
0.015503,0.470093,-0.069214,0.854962,5.679389,24.000000,1443087284.811837,1
0.011597,-0.497559,-0.071167,10.259542,12.946565,0.488550,1443087284.839341,1
0.012329,-0.501221,-0.070435,7.083970,9.099236,-12.366412,1443087284.869802,1
0.012207,0.468994,-0.069580,-1.832061,-2.564885,1.954198,1443087284.899363,1
0.010742,0.468872,-0.068359,-7.358778,-8.213740,-10.167939,1443087284.929374,1
0.012451,-0.500732,-0.068481,-13.557252,-19.786259,-17.801527,1443087284.959205,1
0.012451,-0.497803,-0.068970,-12.854961,-24.916031,0.488550,1443087285.018654,1
0.013306,0.469238,-0.071045,-0.916031,6.137404,0.366412,1443087285.022092,1
0.013550,0.470093,-0.071167,-11.083969,-2.015267,-0.396947,1443087285.049369,1
0.012085,0.468994,-0.067993,-18.198473,-12.244275,-5.068702,1443087285.079440,1
0.013184,-0.497070,-0.068604,61.923664,7.572519,-3.511450,1443087285.138750,1
0.013428,0.469849,-0.069824,-9.282443,-1.862595,6.961832,1443087285.142030,1
0.011963,0.468872,-0.067505,-9.129771,4.824428,-16.305344,1443087285.169336,1
0.012451,0.469482,-0.070679,-9.984733,1.160305,-0.610687,1443087285.199298,1
0.012573,-0.497681,-0.069946,-3.206107,7.145038,0.152672,1443087285.229474,1
0.011597,-0.500122,-0.068604,0.488550,0.580153,10.259542,1443087285.259295,1
0.011475,0.470581,-0.067383,-4.274809,1.954198,7.053435,1443087285.289495,1
0.012329,-0.497681,-0.071777,-8.732824,-10.717557,4.335878,1443087285.319522,1
0.013428,0.470459,-0.068604,-8.244275,1.770992,12.824428,1443087285.349385,1
0.014038,0.469604,-0.069824,-5.679389,8.793893,21.099237,1443087285.379569,1
0.013062,0.470459,-0.070679,-4.305344,10.259542,2.137405,1443087285.409302,1
0.012451,-0.501465,-0.068726,-1.129771,6.290076,13.068703,1443087285.439281,1
0.013672,0.470459,-0.065186,-15.145039,-13.740458,10.076336,1443087285.469423,1
0.014160,0.469360,-0.071411,-11.022901,-9.007633,18.992367,1443087285.499452,1
0.010376,0.469360,-0.070679,-3.267176,3.358779,-14.656488,1443087285.562406,1
0.013062,0.469604,-0.071899,-0.916031,0.580153,0.580153,1443087285.589282,1
0.014282,0.470459,-0.068726,-8.946565,-25.251909,8.946565,1443087285.619487,1
0.012207,0.469604,-0.067749,-9.129771,2.778626,4.213740,1443087285.649349,1
0.011719,0.470093,-0.068848,1.954198,-2.290076,61.954197,1443087285.739336,1
0.010986,0.468750,-0.072388,2.106870,-0.610687,9.282443,1443087285.798868,1
0.012085,0.470459,-0.069214,3.358779,2.351145,-6.625954,1443087285.802568,1
0.013306,0.468750,-0.070557,-2.351145,-4.366412,-5.648855,1443087285.829508,1
0.012085,0.470093,-0.066162,-3.603053,-15.877863,9.343512,1443087285.859276,1
0.011963,0.470093,-0.069946,1.740458,12.152672,-11.389313,1443087285.889485,1
0.014404,0.469116,-0.070679,7.236641,-0.183206,0.396947,1443087285.919395,1
0.010742,-0.500244,-0.066895,-2.534351,5.465649,-14.045801,1443087285.949372,1
0.013306,-0.496582,-0.070435,-0.244275,-7.053435,12.702291,1443087286.009412,1
0.011475,0.470581,-0.071289,0.122137,5.404580,61.557251,1443087286.039351,1
0.011963,-0.497803,-0.068359,-2.900763,-6.290076,-10.503817,1443087286.069313,1
0.012573,-0.498047,-0.067505,2.076336,-3.664122,1.465649,1443087286.128647,1
0.011597,-0.497437,-0.073120,-2.503817,-2.503817,-3.175573,1443087286.132187,1
0.013184,0.470093,-0.070923,14.687023,20.305344,-8.977099,1443087286.159462,1
0.011475,-0.497070,-0.072632,-11.389313,-0.427481,-13.160305,1443087286.189525,1
0.012329,0.469360,-0.070557,1.190840,-10.167939,-14.106871,1443087286.249508,1
0.011963,0.469727,-0.069580,5.068702,1.343511,-21.007633,1443087286.279310,1
0.012695,0.468750,-0.073486,1.435115,1.770992,6.259542,1443087286.309516,1
0.011230,0.469116,-0.069946,8.977099,19.816793,-5.832061,1443087286.339386,1
0.013672,0.469604,-0.071411,3.206107,6.870229,-4.763359,1443087286.369467,1
0.011963,-0.500977,-0.068848,8.122137,-8.946565,5.679389,1443087286.399482,1
0.011963,0.469482,-0.067993,6.412214,-0.335878,1.954198,1443087286.429505,1
0.012695,-0.497070,-0.066895,2.625954,15.450381,1.129771,1443087286.488650,1
0.011841,0.469238,-0.072021,-1.801527,6.137404,6.045802,1443087286.492041,1
0.012207,0.469971,-0.070312,61.954197,62.290077,-11.969465,1443087286.519542,1
0.011230,0.469971,-0.070557,13.099236,4.335878,6.045802,1443087286.549578,1
0.014282,0.468750,-0.070435,8.732824,7.603054,9.984733,1443087286.670800,1
0.011719,-0.497681,-0.070068,8.458015,5.038168,1.648855,1443087286.671019,1
0.011597,0.470093,-0.070068,7.572519,2.290076,6.595420,1443087286.671170,1
0.012329,0.469727,-0.067383,5.984733,-20.000000,19.053434,1443087286.698943,1
0.011719,0.470093,-0.069336,6.503817,5.190840,20.396946,1443087286.728976,1
0.014038,-0.497925,-0.070801,-6.290076,0.610687,1.954198,1443087286.758814,1
0.011475,0.470337,-0.071045,5.648855,2.809160,19.847328,1443087286.788991,1
0.011719,-0.500366,-0.072021,-7.175572,2.229008,11.419847,1443087286.848889,1
0.012695,-0.498047,-0.069092,1.557252,-6.809160,20.824427,1443087286.878814,1
0.012085,-0.497559,-0.070068,3.145038,-3.419847,0.488550,1443087286.938913,1
0.013550,0.468750,-0.072021,-4.305344,-2.625954,3.694656,1443087286.998232,1
0.010010,0.470215,-0.069702,-4.854962,-4.854962,6.778626,1443087287.000209,1
0.012573,-0.497803,-0.066650,-4.671756,-11.236641,0.671756,1443087287.088845,1
0.011475,0.469116,-0.070557,0.488550,3.236641,20.183207,1443087287.092293,1
0.013184,-0.497925,-0.069214,-6.076336,12.549619,16.183207,1443087287.092741,1
0.013306,0.469727,-0.068359,-5.038168,-1.007634,-0.610687,1443087287.148504,1
0.013428,0.469971,-0.072632,8.854961,-10.778625,15.419847,1443087287.269509,1
0.012329,0.468750,-0.072144,10.259542,1.068702,11.511451,1443087287.508721,1
0.012695,0.470093,-0.068604,8.488549,-2.045802,4.977099,1443087287.512164,1
0.011719,0.470337,-0.068726,10.809160,-7.267176,0.366412,1443087287.539473,1
0.014038,0.469604,-0.069580,6.351145,7.572519,25.404581,1443087287.569449,1
0.012207,0.470093,-0.069336,11.328244,8.458015,22.931297,1443087287.629622,1
0.011108,0.469727,-0.069824,5.984733,6.351145,5.679389,1443087287.869553,1
0.011719,-0.498047,-0.068970,-5.374046,19.297710,23.908398,1443087287.899506,1
0.013062,0.469482,-0.069702,-4.641222,-10.229008,17.679390,1443087287.929554,1
0.011597,-0.500366,-0.067139,3.877863,-8.885496,5.160306,1443087287.959384,1
0.011963,0.469360,-0.069336,-7.297710,7.633588,8.732824,1443087287.989465,1
0.010254,0.470337,-0.069336,-3.572519,-0.732824,20.335878,1443087288.019500,1
0.012329,-0.497925,-0.069214,-1.251908,-0.854962,0.488550,1443087288.078874,1
0.012085,-0.500122,-0.068481,-3.053435,0.396947,-3.603053,1443087288.082318,1
0.011230,-0.497070,-0.071045,-5.221374,3.755725,4.213740,1443087288.109545,1
0.009644,0.468750,-0.068481,4.641222,-4.916030,-4.396946,1443087288.198837,1
0.014282,0.469604,-0.072754,-1.801527,18.015266,10.870229,1443087288.202347,1
0.013794,-0.497925,-0.068359,10.259542,3.175573,6.809160,1443087288.229613,1
0.011719,0.470093,-0.069580,1.190840,1.160305,-15.206107,1443087288.259529,1
0.013794,0.470459,-0.069702,0.885496,-1.312977,2.900763,1443087288.289404,1
0.013428,0.470337,-0.067383,7.236641,3.297710,61.954197,1443087288.319506,1
0.011841,0.470215,-0.068970,5.160306,2.900763,0.549618,1443087288.349585,1
0.012573,0.468994,-0.069824,8.641221,5.801527,-4.366412,1443087288.379584,1
0.013550,-0.497559,-0.071777,-2.870229,-6.534351,3.847328,1443087288.439413,1
0.012207,-0.498047,-0.067383,-11.022901,-4.427481,-6.137404,1443087288.469574,1
0.011475,0.469604,-0.068970,9.557252,-7.206107,0.061069,1443087288.499481,1
0.008179,0.468750,-0.066895,9.954199,5.862596,3.328244,1443087288.529678,1
0.009644,0.470337,-0.069824,9.557252,0.213740,-1.160305,1443087288.559560,1
0.012451,0.470215,-0.070557,1.068702,-7.969466,1.770992,1443087288.589590,1
0.010010,0.469238,-0.064209,8.824428,-12.793893,1.526718,1443087288.619532,1
0.012573,0.470581,-0.068970,-1.251908,3.083969,-0.458015,1443087288.649961,1
0.011719,-0.497070,-0.070923,13.251908,-1.190840,0.122137,1443087288.679597,1
0.011719,0.469971,-0.068359,-12.824428,-11.786260,0.702290,1443087288.739520,1
0.014160,0.469116,-0.069702,-0.030534,-13.587787,4.458015,1443087288.829602,1
0.013184,-0.500488,-0.071533,1.709924,0.427481,13.435115,1443087288.859474,1
0.010376,0.470337,-0.068359,-9.984733,15.969465,22.961832,1443087288.889781,1
0.011230,0.469727,-0.069336,0.000000,5.190840,6.290076,1443087289.039025,1
0.015259,0.469116,-0.070557,-6.992366,8.488549,16.977098,1443087289.039591,1
0.011597,0.470337,-0.068848,-9.282443,3.114504,14.778625,1443087289.039925,1
0.010864,0.470459,-0.069946,-2.015267,4.458015,17.374046,1443087289.040301,1
0.012939,0.470581,-0.069580,-0.427481,9.038168,9.129771,1443087289.043500,1
0.011719,-0.500732,-0.070068,62.045803,11.694656,-2.809160,1443087289.098429,1
0.012207,0.468872,-0.067993,-13.038168,14.015267,1.496183,1443087289.100669,1
0.012207,-0.497192,-0.071045,2.778626,4.824428,6.625954,1443087289.128968,1
0.011230,0.468872,-0.068115,-12.122137,-5.038168,0.335878,1443087289.188363,1
0.013306,-0.500366,-0.068726,-13.404580,13.557252,10.076336,1443087289.190404,1
0.012573,0.470215,-0.068848,-6.106870,10.595420,62.351147,1443087289.249102,1
0.011963,0.469238,-0.070068,-5.374046,0.641221,4.183206,1443087289.279063,1
0.012939,0.470581,-0.067627,-5.190840,1.282443,1.770992,1443087289.309056,1
0.013428,0.468994,-0.067383,-8.000000,13.404580,3.083969,1443087289.339134,1
0.013794,-0.495972,-0.070557,-9.984733,6.809160,11.083969,1443087289.398279,1
0.011719,0.470337,-0.067261,-5.404580,-6.992366,2.778626,1443087289.400179,1
0.013428,-0.498047,-0.066162,-5.343512,-8.763359,2.595420,1443087289.428966,1
0.014038,0.470093,-0.072632,-5.038168,8.641221,9.190840,1443087289.488426,1
0.013550,0.469727,-0.071899,-12.671756,-13.740458,0.946565,1443087289.490694,1
0.010986,0.469482,-0.067017,-3.053435,-1.740458,-8.763359,1443087289.519537,1
0.010498,0.470215,-0.066040,61.923664,-3.083969,11.267176,1443087289.610353,1
0.010254,0.468994,-0.070435,-6.229008,0.916031,-4.671756,1443087289.639097,1
0.013794,-0.497925,-0.070801,-2.015267,-1.282443,22.015266,1443087289.669138,1
0.012695,0.469238,-0.071411,-9.801527,2.198473,-2.625954,1443087289.699094,1
0.012451,0.468872,-0.069458,-6.961832,4.244275,-2.229008,1443087289.788436,1
0.010742,0.469116,-0.070190,-3.450382,-0.244275,3.053435,1443087289.788719,1
0.010376,0.469849,-0.068726,2.809160,-9.251908,8.793893,1443087289.790584,1
0.011963,0.469604,-0.071167,-3.969466,13.282443,13.038168,1443087289.819274,1
0.013550,-0.496826,-0.071533,62.442749,-12.061069,3.175573,1443087289.849103,1
0.011108,-0.497070,-0.068970,62.167938,2.381679,5.984733,1443087289.879035,1
0.013306,-0.498047,-0.070435,9.221375,7.694656,6.351145,1443087289.909056,1
0.012207,0.469482,-0.067017,-7.358778,-10.625955,0.702290,1443087289.939067,1
0.012939,0.470337,-0.071411,-0.396947,7.236641,2.320611,1443087289.969146,1
0.012573,-0.496826,-0.070435,4.763359,0.885496,1.374046,1443087289.999045,1
0.011719,-0.497681,-0.070923,11.480916,0.152672,1.282443,1443087290.029114,1
0.014160,0.470337,-0.070435,-6.992366,-12.091603,4.244275,1443087290.088523,1
0.012573,0.470459,-0.071899,-5.587786,-14.961832,-1.526718,1443087290.148480,1
0.012451,-0.500122,-0.068115,2.778626,4.519084,30.656488,1443087290.148804,1
0.013062,0.470459,-0.067627,10.259542,-2.961832,6.015267,1443087290.150962,1
0.013184,-0.500122,-0.068359,9.526717,-7.328244,20.122137,1443087290.179908,1
0.012329,0.469971,-0.071533,-1.770992,-1.129771,16.030535,1443087290.239596,1
0.013428,0.469727,-0.072144,3.725191,33.312977,29.862595,1443087290.389674,1
0.012939,0.469482,-0.068359,-5.832061,14.198473,9.740458,1443087290.448831,1
0.012085,-0.500244,-0.069336,1.404580,4.335878,24.061069,1443087290.452039,1
0.011719,-0.497925,-0.072144,-5.129771,15.450381,-0.396947,1443087290.479616,1
0.012329,0.469971,-0.067383,1.221374,15.175572,12.000000,1443087290.509600,1
0.011230,0.469116,-0.068848,-9.221375,0.305344,9.740458,1443087290.539552,1
0.012207,0.469604,-0.070801,3.694656,1.618321,0.916031,1443087290.569582,1
0.012939,0.468750,-0.070312,2.106870,0.946565,2.106870,1443087290.599736,1
0.012451,-0.497437,-0.066772,-0.183206,-1.801527,4.763359,1443087290.629531,1
0.011963,-0.497192,-0.068726,-5.190840,-20.488550,3.389313,1443087290.659651,1
0.012207,0.469849,-0.068115,-15.328244,-5.526718,-9.251908,1443087290.690047,1
0.012451,-0.500244,-0.066528,-11.083969,1.954198,4.732824,1443087290.749736,1
0.014282,-0.497314,-0.071533,-1.099237,10.900764,7.022901,1443087290.779707,1
0.009155,-0.501587,-0.070190,-9.648855,4.458015,8.366412,1443087290.809641,1
0.012695,0.470459,-0.066895,-3.053435,-15.297709,8.458015,1443087290.839613,1
0.013550,0.470337,-0.069824,-8.030535,-9.282443,9.954199,1443087290.869666,1
0.014160,0.469482,-0.071167,-9.984733,10.290076,7.541985,1443087290.899706,1
0.012451,-0.497437,-0.069702,-10.167939,-20.732824,-5.893130,1443087290.958959,1
0.011597,0.470459,-0.072021,-1.679389,-1.496183,-1.160305,1443087290.962225,1
0.013550,0.469360,-0.069580,-5.190840,-1.221374,3.206107,1443087290.989690,1
0.012939,-0.500610,-0.067261,-14.992367,-1.007634,5.587786,1443087291.019818,1
0.010986,-0.496948,-0.069336,-9.465649,13.893129,8.916031,1443087291.049689,1
0.012939,-0.497437,-0.067627,-7.877862,-9.496183,6.473282,1443087291.108933,1
0.013916,0.470581,-0.066650,-8.946565,9.587787,62.442749,1443087291.112502,1
0.012573,-0.497192,-0.071533,-4.335878,4.458015,2.870229,1443087291.169640,1
0.011475,-0.497437,-0.068970,8.488549,-5.099236,-14.076336,1443087291.229593,1
0.011963,-0.497192,-0.071655,8.702291,-5.099236,-17.435114,1443087291.259677,1
0.011841,-0.500610,-0.067017,1.740458,-5.038168,-28.641222,1443087291.289807,1
0.012695,-0.500488,-0.067993,7.603054,8.824428,-12.366412,1443087291.319659,1
0.013550,0.469360,-0.069702,7.755725,-0.610687,-1.435115,1443087291.349891,1
0.012085,0.469238,-0.069092,8.488549,14.015267,-2.320611,1443087291.412714,1
0.010986,0.469238,-0.070068,-4.122138,-3.083969,2.870229,1443087291.468937,1
0.010376,-0.501709,-0.069336,4.427481,2.167939,11.175572,1443087291.472368,1
0.010986,-0.500366,-0.068726,-11.908397,4.244275,5.190840,1443087291.499928,1
0.010742,0.468994,-0.066650,-10.503817,1.129771,13.832061,1443087291.529576,1
0.013306,-0.497559,-0.069946,5.496183,9.770992,62.320610,1443087291.589423,1
0.012695,-0.500244,-0.070679,0.885496,-0.366412,0.702290,1443087291.649633,1
0.012695,-0.498047,-0.067871,10.961832,4.335878,0.427481,1443087291.679693,1
0.010864,-0.497803,-0.066650,-7.480916,-2.961832,-3.328244,1443087291.739707,1
0.011108,-0.500244,-0.068359,1.862595,5.435114,1.404580,1443087291.769814,1
0.013428,0.470215,-0.070068,-16.030535,4.458015,14.229008,1443087291.799817,1
0.012207,0.469604,-0.068481,-11.022901,-1.068702,2.839695,1443087291.829540,1
0.010986,0.468750,-0.069336,3.877863,4.671756,-2.442748,1443087291.859673,1
0.013062,0.469604,-0.067871,5.801527,10.229008,4.274809,1443087291.889739,1
0.013672,-0.496216,-0.068848,-16.030535,-1.679389,2.503817,1443087291.919655,1
0.013550,0.469971,-0.068359,-15.297709,1.282443,12.274809,1443087291.949673,1
0.013062,-0.496948,-0.070801,-0.366412,-2.748092,12.152672,1443087291.979617,1
0.011841,-0.497192,-0.067993,-9.954199,-7.022901,11.603053,1443087292.009755,1
0.012939,0.469482,-0.067627,-5.709924,-4.183206,18.595419,1443087292.039702,1
0.013184,0.470337,-0.067627,-12.274809,-21.618320,19.847328,1443087292.069697,1
0.013306,0.470215,-0.067993,-12.122137,8.580153,19.969465,1443087292.099824,1
0.013916,-0.496216,-0.068970,-8.213740,-8.519084,4.641222,1443087292.129632,1
0.011841,0.469727,-0.071655,-10.351145,0.427481,0.580153,1443087292.159726,1
0.013306,-0.501221,-0.068359,-2.900763,12.732824,6.503817,1443087292.189751,1
0.012573,0.470215,-0.070679,-3.938931,6.167939,16.366413,1443087292.249706,1
0.012451,-0.501831,-0.068359,-5.190840,-5.190840,23.328245,1443087292.279743,1
0.011719,0.469482,-0.070679,-2.687023,10.167939,4.854962,1443087292.309714,1
0.011719,0.469604,-0.069702,5.862596,19.175573,6.381680,1443087292.339653,1
0.011841,0.469971,-0.070190,5.435114,8.152672,1.832061,1443087292.369678,1
0.011108,0.469116,-0.069336,3.297710,-5.251908,21.465649,1443087292.399767,1
0.014771,-0.497925,-0.068237,-5.343512,61.893131,2.564885,1443087292.489015,1
0.013184,0.469360,-0.068481,1.893130,16.122137,15.114504,1443087292.489651,1
0.012207,0.468994,-0.068237,1.587786,-3.297710,10.778625,1443087292.490003,1
0.011963,0.469482,-0.070435,6.900764,9.374045,1.954198,1443087292.609192,1
0.013062,-0.500366,-0.069092,-7.480916,5.862596,-6.167939,1443087292.609992,1
0.012695,0.469971,-0.071045,0.274809,3.297710,23.847328,1443087292.610355,1
0.012329,0.469971,-0.068115,4.213740,8.580153,-0.946565,1443087292.613647,1
0.013062,-0.497925,-0.068481,-1.984733,62.442749,-0.335878,1443087292.639771,1
0.011475,-0.500488,-0.069214,-4.305344,-1.618321,7.389313,1443087292.669721,1
0.011597,-0.497559,-0.071777,-7.145038,5.465649,4.824428,1443087292.699829,1
0.012695,-0.500244,-0.067017,9.740458,5.190840,11.633588,1443087292.729657,1
0.012085,0.469116,-0.068604,1.557252,15.969465,9.740458,1443087292.759700,1
0.013672,0.469482,-0.066772,8.152672,-2.351145,-2.259542,1443087292.789761,1
0.011230,-0.500732,-0.070801,2.656489,17.679390,3.419847,1443087292.819870,1
0.015625,0.470337,-0.070312,6.717557,-12.335877,9.435115,1443087292.849656,1
0.013550,0.469727,-0.069458,-10.534351,16.824427,-10.351145,1443087292.879604,1
0.011963,-0.497437,-0.069214,-11.938931,-10.961832,-10.320611,1443087292.909750,1
0.012085,-0.498047,-0.069946,-6.381680,10.778625,2.870229,1443087292.939929,1
0.010986,-0.500977,-0.070557,-5.221374,6.015267,7.358778,1443087292.969822,1
0.011108,-0.500122,-0.069702,-18.320610,-7.877862,-5.129771,1443087292.999845,1
0.012085,0.470093,-0.070312,-15.267176,12.610687,-10.870229,1443087293.029578,1
0.010986,0.468872,-0.068848,-18.473282,-5.374046,-1.160305,1443087293.060156,1
0.011719,0.468750,-0.069092,2.870229,9.251908,19.419847,1443087293.089871,1
0.011597,0.468750,-0.069702,-5.923664,17.740458,0.519084,1443087293.152346,1
0.012695,-0.500977,-0.069702,-4.519084,-7.328244,0.977099,1443087293.180159,1
0.012817,0.468750,-0.070679,-5.770992,-11.908397,-4.702290,1443087293.269081,1
0.012207,0.468750,-0.069214,-5.893130,-7.206107,-0.763359,1443087293.272858,1
0.011597,0.469971,-0.070557,-20.274809,-7.969466,0.824427,1443087293.300019,1
0.012695,0.469360,-0.064941,-15.175572,-5.190840,-15.083969,1443087293.329619,1
0.014160,0.469849,-0.070312,7.083970,7.755725,-6.412214,1443087293.359802,1
0.013672,0.468872,-0.068848,-2.900763,5.954198,-2.045802,1443087293.389733,1
0.010742,-0.497681,-0.067627,-4.152672,-9.343512,-15.694656,1443087293.449042,1
0.012817,0.469482,-0.069214,-4.488550,-11.847328,5.404580,1443087293.452634,1
0.012573,0.469604,-0.070312,0.152672,-20.732824,13.496183,1443087293.509056,1
0.011597,0.470581,-0.068237,5.251908,13.679389,-2.320611,1443087293.539176,1
0.013306,-0.497681,-0.069336,0.793893,4.335878,-1.160305,1443087293.542746,1
0.010254,-0.500977,-0.069214,0.488550,-6.656488,-4.946565,1443087293.569766,1
0.012329,0.470215,-0.068237,-2.045802,5.343512,13.709924,1443087293.599827,1
0.012207,0.470581,-0.069702,7.419847,7.145038,21.465649,1443087293.629690,1
0.011475,0.469116,-0.070068,-1.862595,2.106870,5.465649,1443087293.659782,1
0.012573,0.470093,-0.070923,4.366412,-13.740458,6.534351,1443087293.689835,1
0.012451,-0.497681,-0.068115,-8.213740,-1.801527,5.007634,1443087293.749694,1
0.013184,-0.497437,-0.071655,61.954197,-6.809160,15.328244,1443087293.779820,1
0.014282,-0.497559,-0.067261,3.847328,-17.923664,-7.480916,1443087293.809810,1
0.012817,0.470581,-0.069946,-13.709924,22.992367,12.335877,1443087293.839847,1
0.011353,-0.500488,-0.070923,-8.030535,1.068702,30.351145,1443087293.869797,1
0.012695,0.470581,-0.069458,10.809160,-7.969466,7.206107,1443087293.899803,1
0.012817,0.469727,-0.066772,-13.007633,-3.297710,16.030535,1443087293.929615,1
0.014160,-0.500366,-0.067749,-5.160306,-8.244275,13.068703,1443087293.959716,1
0.012939,0.468994,-0.069702,0.488550,14.351145,-3.267176,1443087293.989772,1
0.012451,0.470093,-0.068970,-6.625954,13.496183,0.671756,1443087294.019752,1
0.014526,0.469360,-0.068604,-7.480916,0.671756,24.183207,1443087294.079061,1
0.015259,-0.497437,-0.068237,62.167938,1.435115,0.030534,1443087294.082357,1
0.013062,0.470459,-0.068848,2.595420,0.335878,0.335878,1443087294.109745,1
0.011475,0.469849,-0.065918,-1.648855,2.564885,18.473282,1443087294.139847,1
0.012451,0.470459,-0.071289,62.442749,3.175573,12.763359,1443087294.169803,1
0.011963,0.468994,-0.070190,3.175573,-3.083969,17.526718,1443087294.289503,1
0.011963,-0.501099,-0.069092,2.931298,-7.938931,2.290076,1443087294.290179,1
0.013550,-0.497070,-0.070557,-8.183207,-6.717557,28.244274,1443087294.290520,1
0.013672,-0.500366,-0.071167,1.893130,0.641221,3.511450,1443087294.290839,1
0.011719,-0.497559,-0.067383,-11.053435,62.442749,20.824427,1443087294.319829,1
0.010986,-0.500977,-0.070801,1.343511,13.343512,-1.068702,1443087294.349726,1
0.012207,0.469116,-0.066162,-4.335878,10.442748,16.885496,1443087294.379836,1
0.011108,0.469727,-0.073975,-12.824428,31.206106,8.122137,1443087294.409601,1
0.011475,0.470459,-0.073853,-1.984733,-8.061069,-13.465649,1443087294.439732,1
0.013062,0.469727,-0.070923,-4.671756,1.832061,0.977099,1443087294.469680,1
0.012329,0.470093,-0.067017,-8.793893,2.442748,22.809160,1443087294.499939,1
0.010376,0.470215,-0.067993,-3.603053,13.435115,-2.534351,1443087294.529741,1
0.014160,-0.497559,-0.077148,-7.511450,1.954198,7.328244,1443087294.619179,1
0.011597,-0.500244,-0.066040,-5.893130,8.213740,62.045803,1443087294.619959,1
0.012573,0.469116,-0.069336,2.076336,-0.061069,-5.068702,1443087294.623785,1
0.013184,-0.497314,-0.070557,-8.244275,5.862596,9.221375,1443087294.649809,1
0.013306,-0.500488,-0.072266,-7.328244,14.106871,0.946565,1443087294.679844,1
0.014526,0.469116,-0.069458,0.335878,-2.290076,5.251908,1443087294.739785,1
0.012329,0.470215,-0.072388,6.564886,-14.748092,4.152672,1443087294.769875,1
0.011841,0.470581,-0.069458,3.541985,-15.297709,0.000000,1443087294.799949,1
0.012817,0.468994,-0.069458,13.862596,-1.068702,3.022901,1443087294.829710,1
0.011841,0.470581,-0.067627,-0.549618,4.335878,-0.977099,1443087294.859760,1
0.011963,0.470459,-0.069580,-7.145038,-6.534351,-15.938931,1443087294.919121,1
0.010986,-0.500488,-0.069336,-2.290076,0.824427,62.412212,1443087294.979032,1
0.012085,0.470459,-0.070679,4.580153,17.862595,-8.977099,1443087294.979657,1
0.012695,0.469604,-0.069336,2.625954,-0.335878,3.694656,1443087294.983076,1
0.013550,-0.500122,-0.069946,7.236641,-11.450381,-4.824428,1443087295.009375,1
0.010620,0.469727,-0.072021,1.923664,-4.091603,-8.030535,1443087295.039329,1
0.011963,-0.497559,-0.070190,-3.419847,-6.717557,-14.412213,1443087295.069377,1
0.013428,0.469238,-0.068970,3.877863,-1.007634,2.015267,1443087295.129333,1
0.012695,-0.496826,-0.068359,3.328244,11.236641,-4.396946,1443087295.189268,1
0.011841,0.468994,-0.069336,-4.091603,15.175572,-5.893130,1443087295.193171,1
0.013672,0.470337,-0.069580,-9.801527,3.725191,-14.992367,1443087295.249946,1
0.011108,-0.500244,-0.069214,-10.137404,2.045802,7.755725,1443087295.279862,1
0.013550,0.468750,-0.071655,-11.419847,62.381680,1.404580,1443087295.309825,1
0.014893,-0.495728,-0.068237,-6.106870,4.580153,-3.083969,1443087295.339815,1
0.013672,0.469849,-0.070557,-10.167939,0.091603,61.709923,1443087295.369901,1
0.011719,-0.498047,-0.068481,-12.671756,-10.290076,-7.267176,1443087295.399945,1
0.012573,0.470215,-0.069580,-11.083969,8.488549,7.389313,1443087295.429832,1
0.013428,-0.500244,-0.067627,-4.122138,6.748092,-14.656488,1443087295.459826,1
0.010620,-0.500366,-0.072144,-4.671756,-7.267176,15.175572,1443087295.490118,1
0.013672,-0.497437,-0.066772,-0.244275,-0.671756,0.519084,1443087295.519877,1
0.012573,0.470581,-0.071777,-3.603053,3.053435,18.412214,1443087295.549865,1
0.013916,0.469116,-0.067871,-11.053435,10.656488,0.427481,1443087295.639957,1
0.010132,-0.498047,-0.069580,-13.343512,-0.396947,10.290076,1443087295.699175,1
0.009888,-0.497314,-0.072754,-10.503817,-9.587787,13.618320,1443087295.703002,1
0.012085,0.469849,-0.072998,4.977099,16.122137,13.221375,1443087295.729796,1
0.011963,-0.500122,-0.065063,2.595420,1.557252,24.732824,1443087295.759708,1
0.013428,-0.497681,-0.071167,-6.809160,2.564885,27.694656,1443087295.789876,1
0.012695,0.470093,-0.069214,0.671756,-14.076336,1.526718,1443087295.819999,1
0.012817,-0.501343,-0.067505,-3.053435,7.267176,5.099236,1443087295.849876,1
0.011353,0.470215,-0.067627,5.282443,-8.549619,14.198473,1443087295.879819,1
0.012085,-0.500122,-0.070190,-2.015267,5.862596,18.656488,1443087295.909942,1
0.011841,0.470215,-0.070435,-6.442748,6.412214,-4.824428,1443087295.939824,1
0.011108,0.470093,-0.070557,9.404580,-9.221375,3.877863,1443087295.969926,1
0.011597,0.468872,-0.068970,-5.893130,11.664123,1.160305,1443087296.029241,1
0.013672,-0.497925,-0.068115,62.137405,62.137405,2.473282,1443087296.029743,1
0.012573,0.469116,-0.070312,10.961832,10.259542,20.610687,1443087296.059847,1
0.012817,0.468872,-0.066406,3.511450,14.595420,16.977098,1443087296.089895,1
0.012329,0.469604,-0.067749,2.229008,-10.015267,22.961832,1443087296.119879,1
0.012085,0.469727,-0.072632,3.145038,0.549618,21.221375,1443087296.149916,1
0.012085,0.469727,-0.070801,2.412214,11.389313,28.488550,1443087296.209886,1
0.012817,0.470093,-0.068359,1.038168,-3.633588,16.335878,1443087296.239959,1
0.010864,0.469360,-0.071289,-0.549618,4.244275,17.923664,1443087296.269813,1
0.011841,-0.500244,-0.068237,3.389313,-9.190840,19.480917,1443087296.299999,1
0.011353,0.469604,-0.070923,-2.534351,0.488550,22.778625,1443087296.389192,1
0.012451,0.469482,-0.067993,1.740458,-4.030534,25.190840,1443087296.389840,1
0.013794,-0.500122,-0.067139,-12.122137,5.404580,8.793893,1443087296.390193,1
0.011963,0.469849,-0.070801,-2.656489,-17.587786,11.541985,1443087296.419937,1
0.012451,0.469360,-0.068726,-0.396947,-2.137405,4.793893,1443087296.449891,1
0.012573,0.470337,-0.070801,3.511450,-13.435115,1.648855,1443087296.479879,1
0.011963,0.469482,-0.069214,-13.893129,-19.206106,-1.282443,1443087296.510295,1
0.013062,0.470581,-0.068481,6.351145,22.259542,18.656488,1443087296.539892,1
0.011963,0.468872,-0.068970,-11.786260,-4.366412,-14.106871,1443087296.569907,1
0.015625,-0.497070,-0.070435,4.977099,-7.389313,12.274809,1443087296.600047,1
0.011475,0.470337,-0.069214,6.412214,0.152672,62.351147,1443087296.779321,1
0.011841,0.469360,-0.072388,-8.030535,-8.824428,-12.610687,1443087296.782898,1
0.010742,-0.501221,-0.071167,-2.351145,-8.213740,14.076336,1443087296.783304,1
0.013428,0.470215,-0.072632,-8.763359,-19.114504,-13.801527,1443087296.783773,1
0.008545,0.470459,-0.070557,-3.633588,-1.404580,-3.664122,1443087296.784132,1
0.012573,0.470215,-0.071045,-3.969466,9.770992,12.977099,1443087296.809843,1
0.013550,0.470581,-0.069092,-2.564885,-9.007633,6.839694,1443087296.839880,1
0.012451,0.470215,-0.069458,-8.061069,15.389313,-15.267176,1443087296.869982,1
0.012085,-0.497437,-0.072144,-3.938931,0.824427,3.786260,1443087296.899995,1
0.009644,-0.500366,-0.068970,-14.076336,2.442748,-8.427481,1443087296.929789,1
0.011719,0.469849,-0.071167,3.847328,-13.343512,-0.793893,1443087296.959811,1
0.011963,0.469116,-0.070435,-8.061069,-5.984733,-10.992367,1443087297.019116,1
0.012451,-0.500244,-0.068848,-2.167939,5.801527,0.488550,1443087297.023054,1
0.012939,0.469116,-0.069824,-4.152672,3.236641,-7.053435,1443087297.049862,1
0.010620,-0.497559,-0.067993,-0.610687,-0.519084,21.862595,1443087297.109761,1
0.013550,0.469360,-0.070312,-6.290076,1.954198,-3.022901,1443087297.113102,1
0.012207,0.469971,-0.072021,-9.312977,-22.259542,-9.893129,1443087297.229423,1
0.013062,-0.500366,-0.069458,-7.175572,-11.389313,2.076336,1443087297.259427,1
0.013672,-0.500366,-0.070435,-6.625954,-13.862596,16.366413,1443087297.259967,1
0.011597,0.470093,-0.071777,7.053435,12.885496,2.229008,1443087297.260448,1
0.011963,-0.500732,-0.070801,9.190840,11.389313,-1.984733,1443087297.263567,1
0.012207,0.470215,-0.071899,6.351145,-2.473282,-16.183207,1443087297.290036,1
0.013794,0.470215,-0.068604,61.984734,-5.312977,1.435115,1443087297.320061,1
0.012695,-0.498047,-0.071167,11.511451,3.114504,-14.045801,1443087297.379978,1
0.012939,0.469116,-0.072021,10.625955,-0.946565,-6.381680,1443087297.409862,1
0.011353,-0.497437,-0.069336,8.458015,18.687023,-1.557252,1443087297.439829,1
0.012939,0.470581,-0.071289,-4.091603,-5.099236,21.190840,1443087297.470289,1
0.013062,0.469116,-0.068970,0.244275,5.068702,10.198473,1443087297.500021,1
0.014282,0.470215,-0.069336,-9.435115,-11.389313,28.244274,1443087297.559460,1
0.011230,0.469360,-0.069214,11.389313,13.557252,-1.801527,1443087297.562681,1
0.011841,0.470337,-0.073608,-10.137404,-7.053435,13.648855,1443087297.589840,1
0.012329,0.469238,-0.069946,10.961832,1.099237,9.801527,1443087297.620035,1
0.013184,0.469727,-0.066895,11.145039,9.770992,-5.282443,1443087297.649980,1
0.011963,0.469482,-0.071411,4.763359,62.198475,2.595420,1443087297.769463,1
0.012207,-0.497681,-0.067871,-4.152672,1.343511,18.503817,1443087297.769991,1
0.013672,-0.497803,-0.070068,0.091603,19.358778,1.251908,1443087297.770320,1
0.012085,-0.497437,-0.070801,-10.503817,-1.007634,15.938931,1443087297.859332,1
0.012695,-0.497803,-0.063110,-5.709924,-4.702290,6.106870,1443087297.859859,1
0.012939,-0.497314,-0.067017,-13.557252,-10.625955,17.954199,1443087297.919254,1
0.011719,0.469727,-0.071777,-10.381680,8.763359,18.015266,1443087297.920113,1
0.011597,0.468994,-0.070435,-14.259542,4.335878,-3.206107,1443087297.923288,1
0.012939,-0.500488,-0.068604,-11.053435,5.251908,-0.396947,1443087298.009306,1
0.013184,0.469971,-0.070557,-10.473283,11.358779,62.381680,1443087298.009967,1
0.014038,0.469360,-0.068970,5.465649,6.809160,3.022901,1443087298.010304,1
0.013672,0.470215,-0.069214,-2.564885,23.267176,25.740458,1443087298.040210,1
0.011475,-0.498047,-0.068726,-14.625955,2.442748,21.893129,1443087298.070016,1
0.011963,0.469971,-0.072021,-10.015267,12.732824,22.442749,1443087298.159345,1
0.012695,0.469604,-0.069214,-13.007633,-12.396947,-4.244275,1443087298.159927,1
0.012573,-0.497803,-0.068970,2.595420,-6.870229,2.870229,1443087298.163206,1
0.012695,-0.500610,-0.065918,-10.931297,0.946565,20.671755,1443087298.220019,1
0.012817,0.469116,-0.071411,-1.099237,-11.145039,22.106871,1443087298.279220,1
0.011475,-0.497437,-0.069824,-8.396947,-8.335877,16.732824,1443087298.282530,1
0.012451,0.468750,-0.068359,-4.061069,21.923664,-5.404580,1443087298.309952,1
0.013062,-0.497314,-0.069214,0.610687,-1.893130,12.824428,1443087298.339952,1
0.011230,0.469604,-0.071777,-1.282443,0.091603,20.671755,1443087298.399969,1
0.012695,0.469604,-0.068115,-1.862595,5.740458,21.862595,1443087298.429804,1
0.013184,0.470215,-0.070190,-3.206107,-5.312977,3.450382,1443087298.459864,1
0.011108,0.468872,-0.069336,10.045801,12.824428,15.145039,1443087298.519191,1
0.012573,0.468872,-0.067627,-5.526718,0.580153,62.045803,1443087298.522693,1
0.011963,-0.497681,-0.068359,0.305344,-19.267176,-20.000000,1443087298.550192,1
0.011963,0.469849,-0.070312,14.320611,2.167939,5.251908,1443087298.580096,1
0.011353,0.469971,-0.070435,7.419847,7.083970,8.335877,1443087298.610021,1
0.012329,0.469971,-0.069458,11.450381,13.557252,0.366412,1443087298.640030,1
0.010986,0.469971,-0.070557,-4.458015,12.244275,-6.748092,1443087298.670004,1
0.012695,0.468750,-0.068726,6.015267,-9.496183,8.427481,1443087298.729314,1
0.012817,-0.497803,-0.067017,-5.709924,-16.030535,10.625955,1443087298.732590,1
0.012329,0.469727,-0.069824,-16.916031,-14.473283,-9.374045,1443087298.759946,1
0.011963,0.470337,-0.067383,-8.366412,-6.473282,13.068703,1443087298.789998,1
0.012451,0.469360,-0.067017,10.625955,3.450382,5.832061,1443087298.820047,1
0.012573,0.469360,-0.068848,8.885496,13.343512,6.442748,1443087298.850030,1
0.011597,-0.496338,-0.068115,3.725191,5.190840,-1.221374,1443087298.879996,1
0.010864,0.469482,-0.070190,-5.770992,-15.206107,-2.656489,1443087298.909940,1
0.012817,-0.496460,-0.069580,-12.244275,-11.786260,-14.900764,1443087298.999307,1
0.012207,-0.496948,-0.072388,-6.992366,20.305344,0.183206,1443087298.999943,1
0.010376,0.469849,-0.068970,-1.496183,-10.717557,11.267176,1443087299.003156,1
0.011841,-0.496582,-0.067505,-10.503817,4.641222,-13.465649,1443087299.029435,1
0.011841,-0.500366,-0.067261,61.801525,-1.862595,-17.801527,1443087299.059437,1
0.013184,-0.500854,-0.069336,-7.480916,-15.206107,-13.343512,1443087299.148910,1
0.014282,0.470093,-0.072144,-9.954199,7.358778,-11.938931,1443087299.149212,1
0.012085,-0.497314,-0.067383,-5.221374,13.496183,-6.229008,1443087299.151258,1
0.008911,0.469727,-0.066895,-7.480916,1.007634,-13.343512,1443087299.239548,1
0.011719,-0.496948,-0.070190,61.923664,3.786260,-13.679389,1443087299.269572,1
0.013672,-0.497681,-0.067993,-2.717557,-6.381680,-0.305344,1443087299.299606,1
0.012817,-0.498047,-0.068726,-1.160305,19.145039,-5.465649,1443087299.329466,1
0.012329,0.470459,-0.069336,-2.198473,17.923664,-4.030534,1443087299.359604,1
0.013428,-0.500488,-0.068481,-7.877862,1.496183,5.923664,1443087299.389483,1
0.012695,0.469849,-0.068970,8.854961,9.435115,18.351145,1443087299.419548,1
0.012329,0.469971,-0.068848,7.572519,7.480916,-0.091603,1443087299.449524,1
0.011963,-0.501587,-0.067017,-13.038168,-0.396947,-14.900764,1443087299.479714,1
0.014893,-0.468994,-0.072266,0.152672,7.236641,22.656488,1443087299.509803,1
0.011108,0.468750,-0.067017,-4.519084,-2.137405,-5.984733,1443087299.539619,1
0.013306,-0.501099,-0.068359,1.954198,12.030535,16.122137,1443087299.569647,1
0.014404,-0.500854,-0.065308,5.648855,0.274809,1.832061,1443087299.629069,1
0.012939,-0.495117,-0.070923,1.526718,-13.526717,4.488550,1443087299.631297,1
0.010742,0.470093,-0.072876,-0.763359,-7.541985,1.740458,1443087299.659727,1
0.012817,-0.497925,-0.067749,3.847328,-3.022901,7.450382,1443087299.689684,1
0.014038,-0.497681,-0.072876,-5.312977,13.893129,22.045801,1443087299.749629,1
0.010498,0.470581,-0.064453,-4.519084,1.435115,11.022901,1443087300.289414,1
0.011719,0.469849,-0.073486,-14.076336,-6.931298,21.221375,1443087300.291999,1
0.012451,0.469727,-0.069336,-3.969466,19.480917,11.480916,1443087300.292287,1
0.012329,0.469849,-0.070190,-5.893130,21.160305,1.374046,1443087300.319730,1
0.012939,0.470093,-0.073975,3.328244,4.580153,4.763359,1443087300.349604,1
0.013184,0.470093,-0.068481,1.893130,4.519084,4.458015,1443087300.408821,1
0.010620,-0.498047,-0.070068,-1.496183,-9.954199,-3.297710,1443087300.468904,1
0.012451,-0.497437,-0.068481,-6.473282,-8.549619,7.664122,1443087300.498937,1
0.013306,0.469238,-0.069580,-1.648855,62.045803,0.396947,1443087300.499214,1
0.013184,0.470215,-0.069214,0.122137,-0.061069,-5.770992,1443087300.501291,1
0.012939,-0.500366,-0.070068,-7.175572,0.335878,6.656488,1443087300.529356,1
0.012695,-0.497803,-0.069824,-1.465649,62.381680,0.549618,1443087300.559520,1
0.012451,0.469116,-0.068481,-0.763359,-5.770992,-2.717557,1443087300.619615,1
0.012329,-0.497437,-0.069702,62.198475,-17.099237,-9.160305,1443087300.649574,1
0.013062,-0.500732,-0.069214,-0.366412,1.770992,9.587787,1443087300.679603,1
0.010864,-0.500854,-0.070801,-2.839695,-6.870229,-12.519084,1443087300.739587,1
0.010742,-0.500244,-0.067993,-0.396947,0.702290,-12.763359,1443087300.769642,1
0.010742,0.470581,-0.072144,-3.419847,-4.641222,-20.335878,1443087300.799652,1
0.011719,-0.501587,-0.066406,3.877863,-10.564885,0.946565,1443087300.829433,1
0.014160,-0.496948,-0.072266,2.656489,2.900763,-3.480916,1443087300.859720,1
0.013062,0.468872,-0.070679,2.473282,-2.748092,-13.740458,1443087300.918985,1
0.012817,0.470459,-0.069946,10.625955,-1.954198,-5.740458,1443087300.920946,1
0.012939,0.470215,-0.067871,0.519084,7.419847,6.229008,1443087300.949754,1
0.011108,-0.501221,-0.069458,5.465649,-0.549618,-1.801527,1443087301.008909,1
0.010498,0.470093,-0.067261,-10.503817,-1.343511,-2.137405,1443087301.039447,1
0.011230,-0.500366,-0.065918,10.442748,-16.580153,-7.389313,1443087301.069679,1
0.013916,-0.496460,-0.068481,4.946565,61.282444,-2.381679,1443087301.099748,1
0.010010,-0.500122,-0.069458,6.534351,-9.435115,-1.740458,1443087301.159637,1
0.012451,-0.497192,-0.071777,5.129771,-13.618320,-13.557252,1443087301.189619,1
0.013672,-0.497437,-0.069214,-13.496183,6.687023,61.954197,1443087301.249581,1
0.010620,-0.497559,-0.067383,-14.809160,-12.458015,4.458015,1443087301.308932,1
0.011475,0.470581,-0.070190,-6.076336,0.641221,-1.282443,1443087301.338924,1
0.011353,0.469727,-0.069458,-9.832061,-1.129771,5.740458,1443087301.340909,1
0.011108,-0.500244,-0.069824,-6.473282,-7.389313,27.908398,1443087301.369685,1
0.012451,0.469482,-0.072754,-9.312977,4.580153,6.931298,1443087301.399828,1
0.012573,-0.497681,-0.072510,-7.877862,15.175572,4.396946,1443087301.518996,1
0.010986,-0.497314,-0.068604,-5.557252,3.847328,-10.839695,1443087301.519293,1
0.010742,0.470093,-0.069824,-14.442748,0.274809,2.900763,1443087301.521414,1
0.011353,-0.500122,-0.069214,-2.167939,4.671756,-3.053435,1443087301.521629,1
0.011475,0.469971,-0.068848,-10.870229,-13.954199,-10.167939,1443087301.580197,1
0.013794,0.470581,-0.070312,3.694656,4.458015,9.068703,1443087301.610131,1
0.011230,-0.497437,-0.070068,15.236641,-0.183206,-2.809160,1443087301.669489,1
0.014648,0.470581,-0.068726,62.198475,61.709923,3.511450,1443087301.673273,1
0.010864,0.470581,-0.071411,5.282443,7.236641,7.511450,1443087301.700215,1
0.013184,0.470337,-0.069092,1.343511,10.534351,0.396947,1443087301.730054,1
0.011475,0.469971,-0.072510,3.541985,-17.374046,16.549618,1443087301.760069,1
0.014526,0.469116,-0.069824,0.122137,-6.534351,20.671755,1443087301.790089,1
0.012817,0.470215,-0.070923,1.374046,-6.534351,0.732824,1443087301.850167,1
0.013306,-0.500977,-0.071167,-8.396947,-3.297710,11.267176,1443087301.880105,1
0.012573,-0.496948,-0.067261,-1.282443,14.106871,8.916031,1443087301.910088,1
0.012085,0.469604,-0.069702,-0.610687,-10.045801,11.419847,1443087301.940073,1
0.012573,0.469604,-0.073364,0.854962,8.946565,5.679389,1443087301.970200,1
0.012939,0.470215,-0.067749,2.076336,1.099237,13.923664,1443087302.000228,1
0.012207,0.470215,-0.069214,5.282443,-6.717557,20.793894,1443087302.030043,1
0.012207,0.469116,-0.070068,5.984733,0.671756,18.931297,1443087302.059994,1
0.011597,-0.500122,-0.072144,-6.809160,5.007634,24.183207,1443087302.120191,1
0.012329,0.470581,-0.068481,-0.946565,-24.916031,13.648855,1443087302.150078,1
0.012451,0.470215,-0.072144,-5.374046,0.366412,26.473282,1443087302.180141,1
0.013428,-0.497314,-0.067871,2.473282,12.549619,21.190840,1443087302.240188,1
0.011353,0.469849,-0.071411,-9.099236,-6.809160,17.038168,1443087302.270213,1
0.011597,0.470337,-0.071411,-0.916031,-5.374046,4.671756,1443087302.300284,1
0.014648,0.469727,-0.067749,62.198475,11.603053,0.366412,1443087302.330285,1
0.011475,0.468872,-0.068115,5.312977,-13.343512,8.366412,1443087302.360223,1
0.012695,0.469727,-0.071411,2.625954,23.389313,12.549619,1443087302.390141,1
0.010742,0.469238,-0.071045,0.519084,2.045802,6.015267,1443087302.420218,1
0.013184,0.469849,-0.067505,6.381680,13.893129,15.480916,1443087302.450188,1
0.010376,0.470093,-0.070312,-5.526718,5.679389,-17.984734,1443087302.480122,1
0.012573,-0.500610,-0.070801,2.473282,14.167939,-0.427481,1443087302.510192,1
0.012695,0.470093,-0.063232,5.832061,-3.419847,2.412214,1443087302.540119,1
0.012573,-0.498047,-0.070801,-6.198473,12.549619,-18.015266,1443087302.600294,1
0.012939,0.469727,-0.070190,-8.366412,1.832061,14.870229,1443087302.630088,1
0.012573,0.469360,-0.068848,3.847328,14.229008,-13.862596,1443087302.750134,1
0.013306,0.469360,-0.070923,-8.213740,-12.244275,8.274809,1443087302.780193,1
0.011108,-0.500366,-0.071655,-7.145038,1.557252,5.099236,1443087302.810105,1
0.011353,0.469238,-0.069214,-8.061069,15.450381,6.625954,1443087302.840330,1
0.012573,0.470093,-0.070557,-8.396947,18.809160,9.374045,1443087302.870238,1
0.014160,0.469360,-0.069580,9.893129,5.465649,-3.572519,1443087302.900259,1
0.012329,-0.497559,-0.072144,-3.450382,0.488550,-8.427481,1443087302.930021,1
0.012207,-0.500244,-0.071167,-9.648855,-2.809160,-17.251909,1443087302.960065,1
0.012451,0.469116,-0.067993,-5.923664,-4.580153,11.328244,1443087302.990169,1
0.012451,0.470215,-0.068604,-14.229008,-4.854962,-0.671756,1443087303.020179,1
0.010132,0.470337,-0.070435,-14.625955,8.091603,-13.312977,1443087303.050180,1
0.011230,0.468994,-0.071411,-14.259542,-4.977099,-6.412214,1443087303.080219,1
0.012329,0.469116,-0.070801,-7.877862,-7.938931,15.175572,1443087303.110127,1
0.011963,-0.497925,-0.065796,-18.870230,11.541985,15.480916,1443087303.140404,1
0.012451,0.469482,-0.066406,8.305344,15.236641,9.618320,1443087303.170216,1
0.012817,0.469482,-0.070679,-0.091603,3.725191,-10.442748,1443087303.200300,1
0.012085,0.469971,-0.067749,11.511451,-6.167939,61.893131,1443087303.230118,1
0.012695,0.469482,-0.066895,6.534351,-4.916030,-10.961832,1443087303.260279,1
0.012451,-0.500732,-0.069214,13.648855,11.145039,-2.137405,1443087303.290295,1
0.010986,0.470093,-0.071655,5.435114,1.343511,11.297709,1443087303.320281,1
0.011841,0.468994,-0.069458,5.648855,-8.671756,5.129771,1443087303.350529,1
0.012817,0.468750,-0.070923,6.687023,-5.618320,-11.786260,1443087303.380217,1
0.010498,-0.496704,-0.068359,9.190840,6.961832,-5.709924,1443087303.410316,1
0.011963,-0.500244,-0.069946,-12.854961,-15.022901,18.931297,1443087303.440076,1
0.011719,0.470337,-0.068604,-1.251908,0.580153,0.641221,1443087303.470269,1
0.013428,0.469360,-0.069214,-0.580153,-2.290076,5.984733,1443087303.500237,1
0.012451,-0.501099,-0.070312,11.297709,-3.236641,1.282443,1443087303.560171,1
0.012695,-0.500122,-0.070312,11.480916,-7.541985,-0.335878,1443087303.590317,1
0.013672,-0.497681,-0.068237,4.213740,1.099237,-1.679389,1443087303.620301,1
0.011230,0.469849,-0.065918,-6.961832,-8.091603,15.145039,1443087303.650268,1
0.012817,0.469482,-0.068970,1.068702,24.732824,18.656488,1443087303.680213,1
0.012085,-0.497803,-0.070801,-6.778626,4.916030,1.374046,1443087303.740144,1
0.012085,0.468750,-0.070068,2.992366,13.343512,-0.030534,1443087303.770293,1
0.012329,0.469360,-0.066162,-0.030534,7.267176,1.587786,1443087303.830029,1
0.012451,-0.497925,-0.068115,-2.137405,0.671756,2.076336,1443087303.860576,1
0.012207,-0.500366,-0.071411,-0.366412,5.465649,11.389313,1443087303.890271,1
0.012085,0.469360,-0.070312,-5.587786,9.251908,10.229008,1443087303.920288,1
0.011475,0.469849,-0.066284,-12.671756,-14.992367,13.007633,1443087303.950220,1
0.012207,0.469727,-0.071045,-12.274809,-8.610687,20.977098,1443087303.980122,1
0.013550,0.470459,-0.071045,-16.183207,25.251909,34.778625,1443087304.010286,1
0.013428,0.469604,-0.066162,-14.595420,6.809160,22.839695,1443087304.040190,1
0.012939,-0.497314,-0.071045,-8.366412,7.694656,15.022901,1443087304.070248,1
0.010498,-0.497192,-0.070190,-13.893129,17.526718,20.488550,1443087304.100354,1
0.011719,-0.496704,-0.068481,-15.328244,-20.213741,15.938931,1443087304.130160,1
0.014404,-0.497437,-0.068726,61.648853,14.290076,27.267176,1443087304.160267,1
0.012939,0.470215,-0.072021,-10.351145,-11.053435,20.244274,1443087304.190340,1
0.013550,0.470581,-0.069824,9.038168,-14.137404,5.374046,1443087304.250299,1
0.013672,0.469238,-0.067627,5.954198,14.564885,24.183207,1443087304.280415,1
0.012207,-0.501221,-0.070557,7.572519,3.664122,17.374046,1443087304.310278,1
0.014038,0.468750,-0.069946,7.206107,17.221375,14.839695,1443087304.370688,1
0.011597,-0.500244,-0.067749,6.503817,15.969465,9.465649,1443087304.371203,1
0.011475,0.469971,-0.068115,5.648855,-13.099236,22.351145,1443087304.400382,1
0.011597,0.468872,-0.068726,6.503817,10.259542,2.473282,1443087304.430143,1
0.014038,0.470581,-0.070312,8.610687,0.641221,6.198473,1443087304.460263,1
0.013428,0.468872,-0.070679,1.923664,0.702290,22.809160,1443087304.490186,1
0.012817,0.469360,-0.068604,5.099236,61.648853,11.572519,1443087304.580277,1
0.011719,-0.496338,-0.067383,0.488550,5.679389,1.984733,1443087304.640369,1
0.012085,-0.496704,-0.070801,8.122137,11.389313,6.595420,1443087304.670280,1
0.013062,-0.500244,-0.065674,-3.206107,1.282443,61.862595,1443087304.700417,1
0.009155,-0.497437,-0.067749,-11.908397,-14.412213,3.114504,1443087304.730151,1
0.015015,0.469482,-0.068237,-13.343512,-11.450381,-11.267176,1443087304.760043,1
0.014404,-0.500488,-0.073730,-0.366412,2.045802,-14.106871,1443087304.790176,1
0.011719,0.469238,-0.067261,-5.526718,-9.954199,11.083969,1443087304.850160,1
0.011108,-0.497070,-0.072266,-9.251908,-17.160305,0.763359,1443087304.880172,1
0.013672,0.469727,-0.068237,-9.435115,61.801525,62.381680,1443087304.939635,1
0.012329,0.470581,-0.065186,4.458015,13.679389,-3.633588,1443087304.942799,1
0.010864,0.469971,-0.068481,-13.709924,-2.442748,-1.129771,1443087304.970473,1
0.013306,0.470459,-0.074341,-9.282443,6.870229,3.145038,1443087305.000562,1
0.011230,-0.501221,-0.068604,-14.412213,62.015266,-9.954199,1443087305.030194,1
0.014526,-0.497559,-0.069946,-13.160305,12.702291,61.954197,1443087305.089956,1
0.012573,-0.500610,-0.069824,-5.709924,-0.793893,-10.534351,1443087305.090482,1
0.012207,0.469604,-0.068726,-6.290076,0.885496,7.786260,1443087305.120313,1
0.011475,-0.500366,-0.069336,-5.587786,-0.183206,-10.534351,1443087305.179691,1
0.012085,0.468994,-0.068237,-7.358778,1.618321,0.702290,1443087305.183064,1
0.013428,0.469238,-0.068726,8.488549,-4.854962,4.335878,1443087305.240257,1
0.011963,0.469971,-0.070435,6.717557,8.580153,-7.236641,1443087305.270386,1
0.011108,-0.496826,-0.070435,2.442748,-1.954198,10.870229,1443087305.330090,1
0.011475,0.469116,-0.072388,10.076336,-10.167939,10.259542,1443087305.389893,1
0.013062,-0.500244,-0.069092,-1.496183,4.519084,-5.832061,1443087305.390409,1
0.011963,-0.500244,-0.068970,5.618320,-10.503817,14.320611,1443087305.420223,1
0.012695,0.468994,-0.069214,-1.312977,62.259541,2.503817,1443087305.450289,1
0.013428,0.468872,-0.072998,2.961832,15.145039,-1.587786,1443087305.480186,1
0.012085,-0.500366,-0.067017,-5.954198,0.183206,0.335878,1443087305.510254,1
0.013062,0.469482,-0.069458,7.603054,-8.000000,0.396947,1443087305.540358,1
0.013428,-0.497925,-0.067505,1.740458,-6.870229,14.320611,1443087305.600311,1
0.013428,-0.497070,-0.070068,3.328244,26.778625,14.015267,1443087305.600975,1
0.012085,0.470459,-0.068848,7.267176,3.175573,17.129770,1443087305.630195,1
0.011841,0.469727,-0.067383,-2.015267,11.603053,0.305344,1443087305.690001,1
0.013062,-0.501221,-0.067383,-1.435115,0.854962,1.740458,1443087305.693346,1
0.009399,0.470459,-0.065674,-9.068703,-4.061069,26.473282,1443087305.750253,1
0.011230,-0.500610,-0.068604,8.793893,4.641222,9.129771,1443087305.780826,1
0.012817,0.469971,-0.070435,-1.160305,4.183206,-0.916031,1443087305.810882,1
0.013062,0.469849,-0.069458,-2.656489,13.893129,13.557252,1443087305.840235,1
0.013062,0.468994,-0.067749,8.702291,-5.648855,7.328244,1443087305.870372,1
0.012817,-0.497192,-0.071289,-3.389313,7.419847,0.091603,1443087305.900305,1
0.010864,0.469971,-0.069946,6.015267,-6.931298,-6.381680,1443087305.930416,1
0.014404,0.470337,-0.068604,-1.282443,5.954198,0.244275,1443087305.960269,1
0.011841,0.469482,-0.070068,-1.435115,-5.526718,23.358778,1443087305.990230,1
0.007812,0.470459,-0.066406,-6.442748,-6.045802,23.053434,1443087306.020357,1
0.012817,-0.497192,-0.070068,0.152672,-7.206107,13.374045,1443087306.050515,1
0.012939,0.470459,-0.070923,62.045803,4.671756,0.854962,1443087306.080381,1
0.012695,0.469727,-0.067261,1.068702,0.000000,8.916031,1443087306.110317,1
0.010864,0.468750,-0.067871,2.625954,0.335878,-3.053435,1443087306.140450,1
0.013916,-0.496826,-0.073486,-3.053435,10.442748,16.732824,1443087306.199700,1
0.014038,-0.500366,-0.068848,-2.137405,6.076336,17.923664,1443087306.203044,1
0.011841,0.470093,-0.070557,-8.183207,8.091603,23.847328,1443087306.289747,1
0.011841,-0.496460,-0.068604,0.305344,-1.954198,10.687023,1443087306.290342,1
0.011597,0.469116,-0.064575,-0.946565,-3.083969,7.511450,1443087306.290743,1
0.013306,-0.496704,-0.070435,-1.832061,-9.862596,12.244275,1443087306.320474,1
0.011963,0.469360,-0.070679,-1.465649,-4.091603,22.656488,1443087306.350310,1
0.011475,0.469360,-0.069580,-2.687023,16.732824,9.160305,1443087306.380318,1
0.011597,0.469360,-0.065918,-2.534351,-0.061069,2.290076,1443087306.410183,1
0.012939,0.469360,-0.070557,-9.282443,-2.564885,14.045801,1443087308.990394,1
0.013550,-0.500366,-0.070068,-8.244275,2.106870,3.847328,1443087309.020405,1
0.011841,-0.498047,-0.068604,-10.351145,-0.946565,-3.419847,1443087309.050435,1
0.011353,0.469971,-0.070435,-16.427481,-19.267176,-12.335877,1443087309.080357,1
0.011719,-0.496826,-0.067139,-11.419847,5.465649,-4.458015,1443087309.110399,1
0.009888,0.469971,-0.067627,-3.969466,9.251908,0.274809,1443087309.140699,1
0.012207,-0.497681,-0.073486,-6.045802,-2.931298,-8.183207,1443087309.170662,1
0.012573,0.470337,-0.067139,6.900764,2.045802,4.244275,1443087309.200610,1
0.012329,0.468750,-0.068970,-12.274809,-2.961832,5.099236,1443087309.230366,1
0.011719,0.469849,-0.068481,6.717557,-4.702290,-1.832061,1443087309.260406,1
0.012451,-0.498047,-0.070068,4.763359,-6.595420,-4.763359,1443087309.290551,1
0.012451,-0.497803,-0.069580,-0.030534,10.076336,3.022901,1443087309.320475,1
0.011719,0.470093,-0.067871,8.305344,-6.992366,3.175573,1443087309.350459,1
0.014771,0.469727,-0.069824,9.038168,3.572519,7.053435,1443087309.380429,1
0.013550,0.470337,-0.073975,10.992367,62.259541,6.229008,1443087309.410365,1
0.011719,0.469238,-0.069702,8.671756,0.946565,-1.251908,1443087309.440438,1
0.012573,0.469482,-0.067139,0.366412,7.694656,-5.740458,1443087309.470410,1
0.012695,0.469116,-0.069458,8.671756,12.152672,-3.083969,1443087309.500556,1
0.011719,-0.500732,-0.071045,-10.717557,-13.526717,21.832062,1443087309.559723,1
0.011841,0.469971,-0.070312,-8.396947,6.473282,1.312977,1443087309.562994,1
0.013428,0.469360,-0.071655,4.427481,9.374045,8.977099,1443087309.590963,1
0.014038,-0.497314,-0.072632,15.419847,-1.068702,-1.648855,1443087309.620536,1
0.013062,0.469849,-0.071411,8.335877,4.854962,0.183206,1443087309.650434,1
0.013428,-0.498047,-0.067139,11.297709,-0.671756,-4.824428,1443087309.680672,1
0.012451,0.468750,-0.068237,-2.198473,-4.854962,14.229008,1443087309.740421,1
0.010986,0.469727,-0.065796,-16.610687,5.618320,17.465649,1443087309.770726,1
0.011841,0.469238,-0.071533,-4.519084,-0.610687,14.198473,1443087309.800598,1
0.011963,-0.500732,-0.064087,-8.610687,6.198473,30.351145,1443087309.830336,1
0.012817,0.470581,-0.068604,-4.702290,-7.267176,22.564886,1443087309.860289,1
0.012695,-0.500122,-0.069702,-7.175572,-7.389313,20.916031,1443087309.890500,1
0.013428,0.470581,-0.068970,-6.992366,12.793893,16.977098,1443087309.920466,1
0.014404,0.469604,-0.071411,-10.564885,5.190840,22.595419,1443087309.980490,1
0.011230,-0.500854,-0.066650,-8.946565,-1.465649,28.458015,1443087310.010403,1
0.013306,0.470215,-0.071655,-14.778625,-15.083969,32.213741,1443087310.069722,1
0.011108,-0.497681,-0.069336,2.778626,-1.190840,3.816794,1443087310.073337,1
0.013916,0.470337,-0.067749,-9.282443,-3.419847,7.511450,1443087310.100680,1
0.011841,0.470093,-0.070312,-15.694656,0.396947,18.503817,1443087310.130416,1
0.013306,0.469360,-0.067017,-13.374045,14.229008,12.763359,1443087310.190131,1
0.013428,0.469360,-0.069580,2.442748,1.160305,5.282443,1443087310.190647,1
0.013428,0.470581,-0.070190,0.977099,-1.282443,29.435114,1443087310.250489,1
0.012695,0.469360,-0.067383,-3.450382,-13.679389,25.526718,1443087310.309794,1
0.011597,-0.497559,-0.068726,2.442748,-5.770992,2.045802,1443087310.369714,1
0.010620,0.469604,-0.068115,62.290077,13.954199,4.366412,1443087310.370481,1
0.014160,0.470337,-0.069824,8.274809,0.335878,6.931298,1443087310.373679,1
0.013672,0.469238,-0.066772,0.702290,4.732824,24.396946,1443087310.400619,1
0.012329,0.468750,-0.070312,7.633588,-5.099236,6.961832,1443087310.430434,1
0.013794,-0.500610,-0.069580,7.572519,-8.702291,1.496183,1443087310.490407,1
0.013916,0.469604,-0.069458,8.824428,10.320611,-7.541985,1443087310.520474,1
0.012207,0.469971,-0.066528,-2.687023,2.412214,-9.679389,1443087310.550558,1
0.014282,0.468872,-0.069580,-1.435115,-17.862595,0.030534,1443087310.580554,1
0.012817,0.469727,-0.069702,4.427481,2.900763,5.862596,1443087310.610473,1
0.012939,0.470093,-0.065063,3.725191,9.526717,8.946565,1443087310.640576,1
0.012329,0.469482,-0.070435,5.526718,11.053435,11.480916,1443087310.670565,1
0.013550,-0.497803,-0.072632,4.183206,1.618321,4.824428,1443087310.700477,1
0.012573,0.470459,-0.071289,6.717557,15.511451,11.297709,1443087310.730430,1
0.012451,0.470093,-0.068970,0.244275,4.458015,1.465649,1443087310.790467,1
0.012939,0.469482,-0.067749,62.137405,-4.854962,5.099236,1443087310.820576,1
0.012085,0.469849,-0.070190,-17.282442,17.404581,2.717557,1443087310.850543,1
0.013672,-0.498047,-0.072876,-9.129771,4.396946,-13.526717,1443087310.880549,1
0.012329,0.469849,-0.067871,-8.580153,14.167939,-5.251908,1443087310.910542,1
0.011719,0.470215,-0.069092,-10.900764,62.198475,-14.351145,1443087310.940500,1
0.012573,0.469116,-0.072266,-8.213740,-6.351145,-2.564885,1443087311.000556,1
0.012207,-0.498047,-0.068970,61.954197,11.053435,3.694656,1443087311.030422,1
0.014526,-0.496948,-0.070312,-8.732824,1.282443,-8.916031,1443087311.060548,1
0.010498,-0.500488,-0.068970,-3.938931,11.603053,-25.862595,1443087311.090707,1
0.012695,0.469238,-0.067993,-11.419847,10.045801,-16.091602,1443087311.120537,1
0.011475,0.470581,-0.071899,-9.648855,8.824428,-8.122137,1443087311.150521,1
0.011475,0.469604,-0.071045,-1.984733,-13.618320,-0.213740,1443087311.180612,1
0.012817,0.469360,-0.069824,7.633588,2.778626,14.778625,1443087311.240559,1
0.013794,0.469482,-0.069092,7.603054,1.770992,5.190840,1443087311.270646,1
0.012329,0.470581,-0.070801,3.511450,-11.297709,-3.633588,1443087311.300630,1
0.010864,-0.497681,-0.069458,3.114504,-0.793893,0.335878,1443087311.330345,1
0.010742,0.468750,-0.071411,-1.679389,5.404580,-0.458015,1443087311.360499,1
0.011597,-0.496948,-0.067749,7.053435,62.259541,12.916031,1443087311.390528,1
0.011719,0.469360,-0.069336,6.503817,-3.022901,-0.610687,1443087311.449825,1
0.011108,-0.500244,-0.067383,-1.465649,61.526718,-1.801527,1443087311.510470,1
0.013428,0.470337,-0.071777,-4.854962,61.893131,10.473283,1443087311.540447,1
0.010864,-0.500977,-0.068848,1.709924,12.610687,5.099236,1443087311.570583,1
0.010742,0.469849,-0.071899,0.458015,-14.748092,3.480916,1443087311.600716,1
0.012451,-0.496460,-0.068237,-0.396947,-15.725191,3.328244,1443087311.630450,1
0.011353,-0.500488,-0.067261,62.381680,-13.801527,-2.076336,1443087311.660584,1
0.010254,0.468872,-0.068359,-6.778626,-1.465649,18.320610,1443087311.750495,1
0.012817,0.470581,-0.070312,7.633588,1.435115,18.473282,1443087311.780597,1
0.011597,-0.500977,-0.070435,5.160306,14.229008,1.251908,1443087311.810459,1
0.012817,-0.498047,-0.070068,-0.549618,-19.206106,17.954199,1443087311.840559,1
0.011475,0.469360,-0.070190,62.290077,-2.290076,11.358779,1443087311.870630,1
0.010620,0.468872,-0.067383,-4.458015,-9.618320,13.618320,1443087311.900659,1
0.012695,0.468994,-0.067505,-7.480916,2.717557,12.061069,1443087311.930459,1
0.012573,-0.497559,-0.068970,2.442748,0.396947,20.427481,1443087311.960494,1
0.009888,0.468750,-0.068237,-11.969465,10.106871,6.381680,1443087312.020023,1
0.012695,0.469238,-0.067505,-7.175572,17.404581,8.763359,1443087312.023268,1
0.013550,-0.500122,-0.068359,-6.656488,0.488550,-4.427481,1443087312.050502,1
0.012573,0.469482,-0.070190,7.450382,-0.854962,14.351145,1443087312.080612,1
0.012939,-0.498047,-0.069336,0.335878,2.442748,16.916031,1443087312.110607,1
0.012695,-0.500366,-0.070190,-9.465649,9.251908,62.381680,1443087312.140647,1
0.013062,0.469849,-0.071045,0.854962,-0.152672,9.343512,1443087312.170621,1
0.011108,0.469727,-0.066162,1.954198,-2.992366,23.145039,1443087312.200623,1
0.013062,-0.497559,-0.068604,62.442749,-2.687023,6.900764,1443087312.260672,1
0.011108,-0.500854,-0.068726,-0.793893,-8.671756,3.541985,1443087312.290721,1
0.014404,-0.497559,-0.066650,-1.496183,-8.335877,1.374046,1443087312.320848,1
0.011475,0.469604,-0.068481,-5.038168,5.862596,7.267176,1443087312.350661,1
0.012817,0.469971,-0.069946,-5.557252,-1.160305,10.503817,1443087312.410484,1
0.012207,-0.497192,-0.069946,-5.557252,7.358778,12.091603,1443087312.440518,1
0.011597,-0.500244,-0.069824,-8.580153,-4.030534,4.610687,1443087312.470641,1
0.010986,0.470581,-0.069580,-4.854962,4.916030,0.549618,1443087312.500883,1
0.012939,0.468872,-0.068359,-7.175572,4.793893,10.015267,1443087312.530469,1
0.011963,-0.500610,-0.073242,-4.488550,6.748092,9.709924,1443087312.560498,1
0.011108,0.469116,-0.069702,6.900764,-5.984733,0.580153,1443087313.190785,1
0.012329,0.468872,-0.066406,-3.419847,9.374045,1.862595,1443087313.310054,1
0.012695,0.468750,-0.067993,-0.946565,-8.213740,1.465649,1443087313.310603,1
0.011353,0.469238,-0.067139,-1.648855,9.160305,-8.061069,1443087313.310932,1
0.013550,0.468872,-0.069580,-10.015267,-5.893130,-8.702291,1443087313.341166,1
0.013062,-0.497681,-0.069092,-12.488549,-1.343511,7.725191,1443087313.403668,1
0.012817,0.469116,-0.069336,2.992366,-14.687023,11.114504,1443087313.489938,1
0.013916,0.469116,-0.069580,62.412212,6.290076,7.725191,1443087313.670068,1
0.010864,-0.497559,-0.067871,-6.229008,2.442748,22.106871,1443087313.674504,1
0.011108,0.470337,-0.069702,-9.129771,-26.473282,5.526718,1443087313.700714,1
0.011963,0.470459,-0.069092,-5.557252,-4.641222,5.557252,1443087313.730547,1
0.011230,-0.502197,-0.070435,-5.374046,-10.503817,2.564885,1443087313.760506,1
0.013428,0.469360,-0.070312,62.412212,-12.335877,8.152672,1443087313.790580,1
0.010620,-0.497925,-0.070312,-6.290076,-14.015267,13.007633,1443087313.820714,1
0.012451,0.470337,-0.068604,-4.854962,-11.175572,19.480917,1443087313.850637,1
0.012329,-0.500610,-0.072021,3.664122,10.717557,16.824427,1443087313.909871,1
0.010986,0.470337,-0.067139,12.396947,-2.351145,5.618320,1443087313.913249,1
0.012939,0.469727,-0.069092,10.106871,0.366412,-4.244275,1443087313.969862,1
0.013672,-0.500732,-0.070190,-11.267176,0.671756,7.511450,1443087313.973798,1
0.012939,0.469482,-0.069702,11.358779,6.351145,12.824428,1443087314.000858,1
0.011719,-0.496826,-0.065674,10.961832,7.480916,22.229008,1443087314.059996,1
0.011108,0.469360,-0.068481,3.297710,-7.328244,5.832061,1443087314.120138,1
0.013794,0.470337,-0.069336,-0.549618,-6.045802,4.793893,1443087314.123965,1
0.011597,-0.497314,-0.069336,1.526718,3.664122,24.244274,1443087314.150696,1
0.011963,-0.496826,-0.069946,-8.580153,-6.198473,17.923664,1443087314.210674,1
0.012817,0.469604,-0.069580,5.496183,1.923664,15.145039,1443087314.300789,1
0.012085,-0.501099,-0.071777,6.045802,18.381680,7.328244,1443087314.359895,1
0.010132,-0.498047,-0.069824,-14.229008,0.610687,4.213740,1443087314.363341,1
0.013306,-0.497681,-0.070923,-2.381679,4.366412,3.236641,1443087314.419962,1
0.012329,0.469727,-0.069580,-16.396946,-9.343512,-4.916030,1443087314.540026,1
0.013672,0.468994,-0.067139,-17.648855,-4.091603,-5.709924,1443087314.540549,1
0.012573,-0.497681,-0.068481,-18.717558,15.450381,-9.618320,1443087314.569989,1
0.011353,0.469238,-0.066040,-6.748092,-8.549619,7.022901,1443087314.570710,1
0.011353,0.469238,-0.071533,-6.992366,4.793893,-2.015267,1443087314.574103,1
0.014038,-0.500610,-0.071655,-14.106871,7.419847,-17.862595,1443087314.600800,1
0.012451,-0.496826,-0.067993,-12.122137,-8.824428,-10.045801,1443087314.630595,1
0.011963,-0.496948,-0.070679,-12.274809,9.923664,-7.236641,1443087314.660680,1
0.009521,0.467529,-0.071655,-4.671756,3.083969,-4.519084,1443087314.750689,1
0.016235,-0.497925,-0.069946,-3.083969,-9.679389,-1.709924,1443087314.780721,1
0.009766,0.468994,-0.069580,-0.458015,-6.229008,-10.106871,1443087314.930128,1
0.014160,-0.497803,-0.074341,-16.030535,-17.923664,9.923664,1443087314.930651,1
0.014038,0.469360,-0.069458,-1.465649,2.778626,-10.076336,1443087314.931050,1
0.011230,-0.497437,-0.067261,-9.282443,-22.900763,-8.580153,1443087314.934141,1
0.011841,0.469604,-0.071777,-9.648855,-9.190840,-1.618321,1443087314.960467,1
0.012329,-0.500366,-0.071411,-7.145038,5.068702,4.854962,1443087315.020797,1
0.012085,0.468872,-0.069580,-0.030534,26.351145,11.297709,1443087315.080012,1
0.012573,0.469116,-0.073364,-1.618321,13.343512,20.152672,1443087315.083449,1
0.012207,0.469727,-0.068115,-11.053435,-1.404580,7.725191,1443087315.110685,1
0.011597,0.468750,-0.071167,-2.320611,-0.763359,4.427481,1443087315.140791,1
0.013428,-0.502075,-0.072266,-7.511450,4.732824,13.221375,1443087315.170852,1
0.014160,0.468872,-0.071777,-3.938931,22.717558,4.274809,1443087315.200869,1
0.010986,0.469604,-0.072754,4.763359,10.778625,1.526718,1443087315.230587,1
0.010742,-0.497314,-0.073364,10.625955,-4.091603,4.977099,1443087315.320072,1
0.013550,0.469604,-0.067505,-5.526718,-15.022901,18.625954,1443087315.320784,1
0.013306,-0.497925,-0.070801,-11.908397,-1.679389,12.580153,1443087315.321138,1
0.010742,-0.500122,-0.071289,-8.183207,-15.908397,17.923664,1443087315.410189,1
0.011841,-0.496338,-0.070068,-2.503817,2.717557,23.145039,1443087315.413896,1
0.011719,0.470337,-0.067261,0.396947,10.259542,-2.595420,1443087315.530140,1
0.012329,0.469116,-0.069702,-3.053435,61.709923,3.267176,1443087315.530670,1
0.012573,0.468872,-0.069214,-4.793893,2.625954,-1.465649,1443087315.531082,1
0.011353,0.469727,-0.068848,61.801525,-14.473283,14.595420,1443087315.534204,1
0.012085,0.469482,-0.068848,0.641221,-10.778625,22.717558,1443087315.620078,1
0.012939,0.468994,-0.069580,4.396946,14.503817,3.480916,1443087315.680042,1
0.011108,0.470215,-0.067139,-4.122138,13.496183,26.687023,1443087315.681003,1
0.013184,0.470337,-0.067627,4.763359,-4.152672,0.274809,1443087315.684088,1
0.011353,0.470337,-0.069214,15.022901,-7.297710,12.702291,1443087315.770028,1
0.010620,0.469971,-0.071655,-15.297709,-13.343512,12.854961,1443087315.800046,1
0.012085,0.470215,-0.069580,-12.488549,15.450381,22.595419,1443087315.890122,1
0.010986,-0.501343,-0.067993,-0.396947,21.160305,14.900764,1443087315.890650,1
0.013672,0.469482,-0.070190,-4.824428,-25.526718,20.824427,1443087315.891053,1
0.012939,-0.497192,-0.068848,-3.664122,-3.145038,8.977099,1443087315.894319,1
0.010254,-0.500244,-0.067261,-13.007633,1.770992,-2.076336,1443087316.040161,1
0.014038,0.470337,-0.069458,3.633588,5.129771,5.465649,1443087316.040694,1
0.014526,0.468872,-0.068237,0.091603,1.007634,11.450381,1443087316.041022,1
0.012817,0.469116,-0.069824,2.625954,3.053435,13.343512,1443087316.130248,1
0.011475,0.468750,-0.068237,2.076336,-7.877862,15.267176,1443087316.130858,1
0.011841,-0.497925,-0.066406,61.557251,19.358778,15.908397,1443087316.131194,1
0.011719,0.469971,-0.068237,3.145038,-2.961832,10.870229,1443087316.131594,1
0.014404,0.470093,-0.071045,-14.778625,62.473282,20.488550,1443087316.134886,1
0.012329,-0.497314,-0.069092,0.671756,-10.381680,-7.480916,1443087316.160680,1
0.013428,0.469116,-0.069702,-2.900763,14.503817,13.832061,1443087316.191154,1
0.015137,-0.500977,-0.070679,10.412213,3.450382,13.587787,1443087316.280193,1
0.013550,0.469482,-0.069580,-10.320611,-1.465649,-18.412214,1443087316.283541,1
0.011963,0.470581,-0.070190,10.076336,-3.236641,-18.442749,1443087316.310710,1
0.013794,-0.501587,-0.069336,14.167939,6.412214,5.221374,1443087316.370031,1
0.012329,0.470215,-0.069946,-0.610687,-0.244275,4.519084,1443087316.373492,1
0.012085,0.469238,-0.070190,-4.641222,-23.511450,1.984733,1443087316.430549,1
0.013672,0.470581,-0.067871,1.984733,-1.618321,-10.992367,1443087316.431185,1
0.013550,-0.498047,-0.069336,7.236641,-12.854961,-9.770992,1443087316.580134,1
0.014526,-0.500977,-0.070801,1.007634,-6.290076,10.351145,1443087316.610817,1
0.011719,-0.500732,-0.070801,1.587786,-0.122137,12.549619,1443087316.611150,1
0.012695,-0.501709,-0.067871,0.335878,61.862595,-15.145039,1443087316.611529,1
0.013916,0.469727,-0.071045,-1.954198,13.251908,61.526718,1443087316.614720,1
0.012573,0.469116,-0.069458,5.832061,-13.068703,15.267176,1443087316.640887,1
0.011841,0.469604,-0.072144,0.396947,6.198473,12.335877,1443087316.671036,1
0.011719,0.467163,-0.072510,5.435114,6.687023,-5.954198,1443087316.700876,1
0.013428,0.469238,-0.068481,-3.267176,15.297709,9.740458,1443087316.791027,1
0.011230,0.470215,-0.072144,-9.312977,-2.687023,-7.908397,1443087316.820875,1
0.012695,0.469116,-0.068237,-1.221374,6.870229,-1.282443,1443087316.850795,1
0.013550,0.470459,-0.068848,-5.038168,27.236641,-1.312977,1443087316.880836,1
0.013550,0.469482,-0.069824,-6.106870,-6.045802,1.007634,1443087316.940049,1
0.012573,-0.497803,-0.068848,-9.648855,17.862595,-3.328244,1443087316.943455,1
0.009888,-0.498047,-0.071533,62.290077,8.488549,-7.328244,1443087317.000873,1
0.012329,-0.500244,-0.071289,1.068702,21.160305,25.404581,1443087317.480681,1
0.011230,0.470337,-0.069214,11.511451,3.450382,16.610687,1443087317.483898,1
0.013184,0.469849,-0.067627,-2.900763,3.175573,3.175573,1443087317.510665,1
0.012573,-0.497803,-0.069092,2.229008,6.015267,-1.862595,1443087317.540694,1
0.012573,-0.496826,-0.072998,-6.809160,12.732824,4.793893,1443087317.570888,1
0.010620,0.469971,-0.066406,3.328244,20.305344,5.648855,1443087317.600935,1
0.015137,-0.497559,-0.066406,2.442748,-14.076336,22.412214,1443087317.630688,1
0.012451,0.469727,-0.070679,4.396946,2.839695,9.923664,1443087317.660796,1
0.012207,0.469360,-0.073486,1.740458,0.458015,15.297709,1443087317.690989,1
0.013428,0.469116,-0.068481,-1.282443,11.328244,21.343512,1443087317.750798,1
0.013428,-0.497925,-0.066528,-10.137404,9.984733,12.916031,1443087317.780788,1
0.011108,0.470215,-0.067139,1.923664,-2.137405,7.328244,1443087317.810751,1
0.013916,-0.496460,-0.068359,62.442749,0.946565,10.137404,1443087317.840798,1
0.012817,0.468994,-0.068604,62.290077,0.152672,14.290076,1443087317.870886,1
0.013428,-0.500366,-0.067505,1.221374,-10.564885,14.595420,1443087317.930144,1
0.013672,0.469849,-0.070557,-5.709924,14.564885,1.404580,1443087317.933440,1
0.012695,0.468872,-0.070068,-9.832061,-11.419847,-0.488550,1443087317.960772,1
0.012695,-0.497681,-0.069580,-14.961832,3.511450,15.267176,1443087318.020052,1
0.012695,0.469971,-0.069092,3.511450,1.893130,12.335877,1443087318.023663,1
0.010742,-0.496948,-0.067871,-11.267176,14.412213,0.152672,1443087318.080069,1
0.012329,0.469482,-0.068848,3.206107,13.893129,25.526718,1443087318.083467,1
0.012329,0.469971,-0.072754,-0.030534,-4.366412,0.274809,1443087318.110842,1
0.013428,0.469482,-0.071411,-7.847328,-0.244275,10.839695,1443087318.140945,1
0.010620,0.470337,-0.071045,6.351145,7.419847,15.389313,1443087318.200987,1
0.012939,0.469360,-0.068604,-2.534351,-0.519084,15.083969,1443087318.230730,1
0.012573,0.469971,-0.068481,-0.580153,-0.946565,11.511451,1443087318.261554,1
0.013672,0.468994,-0.068726,62.167938,0.488550,9.557252,1443087318.290899,1
0.011719,0.469360,-0.071533,-0.610687,14.229008,5.160306,1443087318.320924,1
0.013062,-0.497559,-0.070557,-5.587786,0.824427,6.931298,1443087318.350888,1
0.011353,0.470581,-0.071899,-9.251908,6.595420,12.946565,1443087318.409976,1
0.010620,0.469482,-0.067627,-6.106870,11.389313,10.839695,1443087318.413454,1
0.011841,-0.496826,-0.068115,-3.603053,-13.343512,-20.854961,1443087318.440906,1
0.011597,-0.500488,-0.066772,-4.152672,-9.832061,9.312977,1443087318.471022,1
0.012451,-0.496704,-0.069214,-6.442748,-8.763359,6.381680,1443087318.500973,1
0.013184,0.469116,-0.069458,-4.122138,4.244275,5.923664,1443087318.530744,1
0.011230,0.469727,-0.064697,-8.946565,6.412214,-10.106871,1443087318.560809,1
0.012329,-0.500854,-0.071289,-10.534351,-10.106871,-13.068703,1443087318.590981,1
0.012207,-0.497437,-0.074097,-8.549619,-6.503817,2.045802,1443087318.620882,1
0.013916,0.469238,-0.067261,-19.083969,-13.007633,0.488550,1443087318.650880,1
0.014771,0.470337,-0.068848,-8.916031,-6.992366,5.587786,1443087318.680882,1
0.012207,-0.497437,-0.068237,3.541985,11.450381,1.954198,1443087318.740904,1
0.012329,0.469238,-0.070557,5.465649,22.259542,-12.946565,1443087318.771184,1
0.012207,0.468994,-0.069214,1.221374,11.541985,-6.931298,1443087318.800734,1
0.012817,-0.497925,-0.068359,5.312977,12.946565,-5.374046,1443087318.830717,1
0.012085,0.469116,-0.069946,7.297710,13.465649,0.427481,1443087318.890412,1
0.012817,-0.498047,-0.069092,3.541985,7.633588,2.473282,1443087318.893735,1
0.012817,0.469238,-0.068604,-8.000000,18.687023,7.603054,1443087318.920941,1
0.011475,0.469482,-0.067383,2.106870,-2.442748,5.465649,1443087318.951009,1
0.013184,0.469971,-0.067383,9.190840,7.755725,-7.541985,1443087318.980755,1
0.010986,0.470581,-0.068970,7.603054,1.068702,-3.480916,1443087319.010842,1
0.012329,0.469727,-0.069946,7.053435,23.389313,0.763359,1443087319.040861,1
0.011475,-0.497559,-0.067993,10.625955,10.595420,0.916031,1443087319.130245,1
0.010986,0.468750,-0.070679,-8.335877,-6.290076,2.106870,1443087319.130887,1
0.014282,0.470215,-0.070190,7.572519,1.221374,-17.862595,1443087319.131238,1
0.010620,-0.497559,-0.069458,-11.053435,5.465649,6.687023,1443087319.190853,1
0.011597,0.470093,-0.070557,-6.625954,-6.870229,6.992366,1443087319.250920,1
0.012451,0.469971,-0.069702,-14.992367,20.030535,-6.045802,1443087319.281230,1
0.015137,0.470459,-0.071167,-9.801527,62.351147,-1.282443,1443087319.310833,1
0.011963,0.468994,-0.071411,-11.969465,6.412214,0.702290,1443087319.370173,1
0.011841,0.469238,-0.071411,-2.167939,11.480916,10.900764,1443087319.373593,1
0.013306,-0.497192,-0.069214,2.076336,-4.641222,5.221374,1443087319.430249,1
0.011841,0.469727,-0.070068,-3.603053,-7.389313,10.198473,1443087319.433590,1
0.013306,0.470215,-0.069336,-0.763359,-4.091603,-6.412214,1443087319.460879,1
0.010864,-0.496948,-0.069824,-11.267176,-0.946565,19.236641,1443087319.490817,1
0.010742,0.469604,-0.069580,-10.870229,-0.244275,-3.053435,1443087319.520934,1
0.013428,-0.498047,-0.068481,1.404580,9.587787,1.374046,1443087319.550791,1
0.014771,-0.497314,-0.069214,3.877863,6.625954,5.435114,1443087319.580874,1
0.011963,-0.497437,-0.072144,-1.068702,-13.251908,8.671756,1443087319.610874,1
0.012085,0.470337,-0.069580,-6.076336,1.832061,6.656488,1443087319.640981,1
0.011719,0.469238,-0.068237,-6.931298,-21.679390,0.061069,1443087319.670996,1
0.013428,0.468994,-0.067505,2.931298,-8.488549,13.068703,1443087319.701073,1
0.012451,0.469604,-0.068726,-0.916031,-1.496183,7.572519,1443087319.760121,1
0.012573,0.469727,-0.070557,-6.290076,-4.244275,3.114504,1443087319.763593,1
0.011475,0.470093,-0.068481,7.083970,0.671756,2.687023,1443087319.791146,1
0.013306,0.470337,-0.067871,9.221375,12.458015,26.656488,1443087319.821109,1
0.012207,0.469482,-0.069580,6.503817,0.946565,15.175572,1443087319.850945,1
0.014038,-0.498047,-0.068970,14.167939,31.816793,1.282443,1443087319.880905,1
0.011230,0.470459,-0.067139,3.145038,-0.183206,10.045801,1443087319.910829,1
0.012573,0.470093,-0.070801,3.145038,-6.809160,17.282442,1443087319.940813,1
0.014648,0.469604,-0.067993,-12.854961,-0.793893,24.946566,1443087319.971023,1
0.011841,0.470337,-0.066772,-9.832061,2.839695,21.832062,1443087320.030195,1
0.013916,-0.497681,-0.070923,-5.587786,1.832061,2.045802,1443087320.033501,1
0.013062,-0.500854,-0.068481,8.885496,-9.282443,4.763359,1443087320.060774,1
0.011963,-0.498047,-0.070801,0.610687,5.312977,15.145039,1443087320.120329,1
0.013916,-0.497559,-0.070435,13.099236,10.534351,5.221374,1443087320.123889,1
0.014160,0.470093,-0.071167,-2.900763,11.053435,1.557252,1443087320.150945,1
0.014648,0.468384,-0.070679,3.755725,-3.419847,11.511451,1443087320.180913,1
0.014893,0.470581,-0.073364,-0.732824,-13.435115,16.244274,1443087320.241010,1
0.012817,0.469116,-0.070801,-1.251908,-1.862595,5.526718,1443087320.271110,1
0.013428,-0.500610,-0.069092,3.175573,10.167939,6.381680,1443087320.330341,1
0.012573,-0.497925,-0.069092,-1.801527,10.106871,6.900764,1443087320.333686,1
0.011719,0.470459,-0.069092,-19.236641,16.366413,1.007634,1443087320.360838,1
0.010620,0.470215,-0.069092,-14.259542,4.671756,-12.580153,1443087320.390915,1
0.012695,-0.496704,-0.070190,-6.778626,23.725191,5.190840,1443087320.420980,1
0.012573,0.469360,-0.070312,7.267176,13.770992,1.099237,1443087320.480230,1
0.012573,0.470093,-0.065063,1.221374,2.625954,1.496183,1443087320.483563,1
0.011719,-0.500122,-0.067383,-3.206107,9.618320,-6.320611,1443087320.510811,1
0.009888,0.469116,-0.066284,-6.229008,-4.366412,10.778625,1443087320.540843,1
0.013428,-0.496704,-0.067261,-7.145038,5.251908,17.190840,1443087320.571025,1
0.011353,-0.497925,-0.069092,9.221375,8.916031,9.343512,1443087320.600993,1
0.014160,-0.500366,-0.068359,10.809160,-1.160305,4.885496,1443087320.630779,1
0.010864,0.469604,-0.066772,10.290076,8.152672,2.106870,1443087320.660858,1
0.012329,-0.498047,-0.069702,-9.282443,1.770992,-10.625955,1443087320.690961,1
0.011963,-0.496826,-0.071167,5.282443,9.068703,10.656488,1443087320.751139,1
0.011719,-0.500732,-0.068848,-13.374045,9.862596,-2.167939,1443087320.780980,1
0.011963,-0.498047,-0.067627,-14.106871,-6.473282,-7.145038,1443087320.811063,1
0.012329,0.469727,-0.069092,-14.442748,-21.618320,-6.198473,1443087320.870142,1
0.014160,-0.498047,-0.071655,-16.946566,12.061069,9.160305,1443087320.873699,1
0.011475,0.469849,-0.067993,14.351145,8.641221,2.900763,1443087320.960734,1
0.011230,-0.500122,-0.068359,-13.404580,-0.793893,2.595420,1443087320.961256,1
0.013916,0.469971,-0.067383,4.916030,2.625954,22.076336,1443087320.991066,1
0.012451,-0.501587,-0.068848,4.549618,1.740458,-2.778626,1443087321.021173,1
0.012939,-0.497925,-0.066162,-8.274809,6.076336,8.396947,1443087321.050910,1
0.014038,-0.500122,-0.068115,-13.587787,-3.083969,-18.595419,1443087321.081000,1
0.012329,-0.500122,-0.072021,-3.053435,10.595420,-18.503817,1443087321.110844,1
0.012695,-0.497314,-0.067017,-5.709924,-11.847328,10.137404,1443087321.200633,1
0.013306,0.469727,-0.070190,-1.832061,5.465649,7.175572,1443087321.230360,1
0.013306,-0.497192,-0.070923,0.854962,-5.221374,6.534351,1443087321.230909,1
0.011841,0.470459,-0.069458,-14.076336,5.954198,16.274809,1443087321.231244,1
0.011963,0.469849,-0.066528,-2.503817,-12.396947,27.053434,1443087321.260861,1
0.013306,0.470093,-0.068604,6.015267,6.809160,-6.625954,1443087321.291079,1
0.010986,-0.496826,-0.070923,7.755725,4.396946,-0.854962,1443087321.321601,1
0.013672,0.469360,-0.070312,-10.870229,2.106870,30.900763,1443087321.350867,1
0.011475,-0.497559,-0.070190,-5.343512,-2.015267,17.007633,1443087321.380858,1
0.012207,0.470093,-0.066650,0.152672,10.870229,0.061069,1443087321.470271,1
0.011963,-0.500488,-0.070190,-0.030534,-2.625954,17.770992,1443087321.470839,1
0.010742,-0.497437,-0.068970,-10.717557,-8.213740,21.740458,1443087321.473952,1
0.013062,0.469238,-0.069702,-0.702290,-1.740458,22.839695,1443087321.530694,1
0.012329,0.468994,-0.066528,8.671756,4.519084,4.274809,1443087321.531357,1
0.013062,0.469971,-0.068970,-9.099236,-0.946565,22.687023,1443087321.561194,1
0.012695,-0.500854,-0.070923,4.427481,-1.129771,5.984733,1443087321.591127,1
0.014038,-0.497925,-0.070679,3.694656,-17.160305,-3.450382,1443087321.621119,1
0.013428,0.469971,-0.070557,1.190840,5.465649,-7.267176,1443087321.651073,1
0.013550,0.470093,-0.070312,-1.312977,0.946565,-0.244275,1443087321.681370,1
0.012207,0.470581,-0.068115,2.229008,-4.580153,6.931298,1443087321.740936,1
0.011475,0.469360,-0.070801,-11.938931,0.946565,4.519084,1443087321.771150,1
0.012085,-0.497070,-0.071045,9.007633,1.160305,3.022901,1443087321.830706,1
0.011963,-0.497437,-0.068237,-10.687023,15.175572,25.374046,1443087321.831237,1
0.011841,-0.497803,-0.069092,-1.526718,-5.862596,11.603053,1443087321.860927,1
0.012207,0.469727,-0.068359,-9.129771,3.328244,23.145039,1443087321.891002,1
0.012207,0.469604,-0.069336,0.885496,-4.671756,14.076336,1443087321.921062,1
0.011841,-0.469727,-0.069458,0.793893,8.824428,11.053435,1443087321.980260,1
0.013062,-0.497681,-0.068359,2.595420,0.458015,9.343512,1443087321.983585,1
0.011963,0.470093,-0.071899,-13.343512,-6.748092,22.442749,1443087322.040432,1
0.012817,-0.496582,-0.070801,-0.244275,4.396946,-8.916031,1443087322.044441,1
0.010986,0.469238,-0.070923,-6.106870,30.076336,16.244274,1443087322.071230,1
0.011108,0.468872,-0.067749,-12.671756,8.152672,23.145039,1443087322.101107,1
0.015625,0.470581,-0.072876,-0.030534,10.381680,5.832061,1443087322.130905,1
0.010864,-0.501343,-0.070068,-2.381679,-0.946565,6.198473,1443087322.190547,1
0.011963,-0.496948,-0.068848,-4.335878,4.854962,9.343512,1443087322.193943,1
0.012939,0.469482,-0.067993,0.366412,-5.251908,0.580153,1443087322.251018,1
0.014038,-0.500244,-0.067383,-7.511450,7.083970,-12.671756,1443087322.310325,1
0.012451,0.469360,-0.071167,-0.916031,2.106870,-5.709924,1443087322.340644,1
0.012817,0.468750,-0.066895,5.465649,-1.282443,10.351145,1443087322.343823,1
0.010986,0.470093,-0.065308,5.099236,1.435115,-18.992367,1443087322.371041,1
0.013794,-0.500366,-0.070923,-1.068702,-7.053435,-15.236641,1443087322.401164,1
0.012451,-0.497925,-0.073486,2.687023,-22.900763,3.053435,1443087322.430884,1
0.012451,-0.497559,-0.069702,3.175573,9.984733,-9.496183,1443087322.460897,1
0.011963,0.468994,-0.066406,-1.435115,-7.053435,-2.137405,1443087322.580448,1
0.011475,0.469604,-0.069214,7.022901,-5.526718,9.740458,1443087322.581005,1
0.013306,0.470459,-0.070312,7.541985,0.885496,2.106870,1443087322.581458,1
0.012207,0.469727,-0.067139,3.480916,-18.106871,6.351145,1443087322.584751,1
0.011475,0.470581,-0.068237,0.671756,-13.221375,-1.740458,1443087322.640595,1
0.012451,-0.496338,-0.069214,-1.160305,10.534351,5.312977,1443087322.700349,1
0.012207,0.468872,-0.067871,-8.396947,-22.290077,17.862595,1443087322.703726,1
0.011230,0.470215,-0.067139,-4.366412,16.519083,-9.587787,1443087322.730941,1
0.012817,0.469727,-0.069824,1.251908,62.381680,61.557251,1443087322.790376,1
0.011963,-0.500977,-0.070679,-11.083969,-12.122137,7.358778,1443087322.793688,1
0.014648,0.470215,-0.068848,-8.580153,-6.106870,-8.366412,1443087322.821195,1
0.011230,-0.500244,-0.066528,-10.106871,-13.618320,-18.045801,1443087322.850969,1
0.011841,-0.468994,-0.069458,-4.488550,10.870229,7.633588,1443087322.880984,1
0.012085,0.470093,-0.068481,-5.007634,10.595420,-6.992366,1443087322.910925,1
0.012329,0.470215,-0.068481,-11.206107,-0.183206,-6.198473,1443087322.941031,1
0.012451,0.469971,-0.069092,-10.198473,18.748091,0.549618,1443087322.971167,1
0.010742,0.470337,-0.068848,-5.374046,13.160305,0.671756,1443087323.001298,1
0.012085,0.469971,-0.070801,-1.648855,0.946565,6.687023,1443087323.030950,1
0.011719,0.469604,-0.069458,-10.015267,8.091603,4.335878,1443087323.150402,1
0.012939,0.469116,-0.071289,-0.763359,0.946565,8.091603,1443087323.151055,1
0.012695,0.469971,-0.068481,-4.641222,0.061069,0.610687,1443087323.151435,1
0.010620,-0.497437,-0.070190,-5.557252,11.969465,4.671756,1443087323.154967,1
0.012085,-0.497314,-0.064697,-5.374046,6.870229,12.335877,1443087323.181078,1
0.011353,0.469604,-0.068237,-1.984733,-8.885496,-5.587786,1443087323.241087,1
0.013184,0.470459,-0.070557,-3.603053,0.427481,-3.572519,1443087323.300351,1
0.010254,-0.501343,-0.068970,-3.267176,-13.068703,1.679389,1443087323.303730,1
0.014648,-0.497314,-0.066040,-0.946565,1.007634,3.725191,1443087323.330927,1
0.014038,0.469727,-0.073608,-3.633588,4.732824,-9.587787,1443087323.360892,1
0.010010,-0.500854,-0.067383,4.549618,4.396946,29.282442,1443087323.420313,1
0.011475,-0.496704,-0.069458,1.923664,1.770992,26.687023,1443087323.423716,1
0.013672,0.469482,-0.073608,-3.969466,1.221374,-2.992366,1443087323.451058,1
0.013550,0.469116,-0.069580,1.374046,0.488550,19.236641,1443087323.481078,1
0.010254,-0.501587,-0.064575,-3.053435,-4.274809,5.832061,1443087323.510961,1
0.012329,0.469238,-0.073608,-2.015267,-6.931298,14.106871,1443087323.540953,1
0.011597,0.470581,-0.065918,-0.427481,8.702291,24.000000,1443087323.601241,1
0.012695,0.470093,-0.067261,0.366412,1.709924,22.381680,1443087323.630986,1
0.011719,-0.497925,-0.068604,9.343512,-0.519084,1.374046,1443087323.661010,1
0.012939,0.469727,-0.072144,-4.854962,8.641221,18.442749,1443087323.691261,1
0.012695,0.469360,-0.072021,-0.213740,4.854962,16.580153,1443087323.751062,1
0.010254,0.470459,-0.069702,-1.251908,17.740458,18.106871,1443087323.810630,1
0.011597,0.469360,-0.065552,0.335878,-6.809160,1.068702,1443087323.814466,1
0.013916,0.470093,-0.068115,9.587787,3.175573,8.885496,1443087323.841041,1
0.009644,-0.497559,-0.069458,1.923664,0.335878,11.480916,1443087323.900316,1
0.012329,-0.500854,-0.067993,1.221374,-5.648855,21.618320,1443087323.903527,1
0.013672,0.470215,-0.067993,-1.129771,-4.152672,-5.496183,1443087323.930971,1
0.011841,-0.501099,-0.069092,1.435115,-2.687023,17.404581,1443087323.961005,1
0.014526,-0.496948,-0.067993,-6.412214,-2.198473,-0.977099,1443087323.991105,1
0.013062,0.470459,-0.070801,0.366412,-8.183207,9.862596,1443087324.021196,1
0.011475,0.469116,-0.067871,4.580153,-21.832062,0.305344,1443087324.051071,1
0.012573,0.469849,-0.072876,-9.984733,-14.534351,-17.893129,1443087324.110475,1
0.013428,0.470581,-0.067383,-3.053435,-5.587786,-3.145038,1443087324.113891,1
0.011841,0.469360,-0.070190,2.656489,14.351145,-6.076336,1443087324.141269,1
0.013062,0.469849,-0.071045,-3.236641,21.832062,2.106870,1443087324.171184,1
0.011841,0.470093,-0.072021,-11.786260,62.259541,-5.923664,1443087324.201289,1
0.011475,0.469849,-0.070679,-4.641222,-15.389313,2.839695,1443087324.231015,1
0.012695,-0.497437,-0.073120,-8.061069,6.748092,9.221375,1443087324.261045,1
0.013306,0.468872,-0.069580,-4.152672,3.053435,10.290076,1443087324.291827,1
0.011841,-0.497070,-0.067505,-13.923664,13.770992,10.167939,1443087324.321250,1
0.011597,0.470093,-0.071045,-9.648855,0.335878,1.496183,1443087324.351128,1
0.010620,-0.497681,-0.071167,11.480916,3.236641,-5.099236,1443087324.410474,1
0.011719,0.470215,-0.069092,-4.274809,-5.129771,11.450381,1443087324.413912,1
0.012451,0.470337,-0.068970,-6.076336,1.221374,-7.419847,1443087324.441447,1
0.012695,0.469849,-0.070312,-7.114504,1.221374,15.541985,1443087324.471276,1
0.013672,0.469971,-0.069824,-4.702290,8.427481,-1.709924,1443087324.560428,1
0.012939,0.469360,-0.068848,-5.190840,7.419847,-3.938931,1443087324.565261,1
0.012207,0.469360,-0.067261,-16.213741,61.954197,-1.648855,1443087324.565745,1
0.011841,0.469116,-0.066895,3.664122,4.183206,-0.366412,1443087324.680447,1
0.014038,-0.497681,-0.071899,-9.465649,1.221374,2.076336,1443087324.681088,1
0.009644,-0.501709,-0.069824,-5.038168,8.488549,-12.335877,1443087324.681443,1
0.012085,0.470093,-0.067383,0.335878,14.503817,-3.328244,1443087324.741170,1
0.012207,-0.497192,-0.071167,5.282443,21.038168,-9.007633,1443087324.771324,1
0.012695,-0.496704,-0.069824,2.625954,-9.770992,6.625954,1443087324.801310,1
0.012207,0.468750,-0.070068,6.167939,-7.480916,10.748092,1443087324.831026,1
0.012207,0.469604,-0.067017,2.961832,-0.458015,-10.748092,1443087324.861020,1
0.012817,0.469482,-0.067017,-0.396947,6.351145,-6.961832,1443087324.920382,1
0.013306,-0.497803,-0.068726,5.099236,11.480916,61.832062,1443087324.923777,1
0.011353,0.470459,-0.068970,4.396946,7.022901,11.419847,1443087324.951055,1
0.011353,0.470215,-0.068970,-7.175572,-0.122137,-16.091602,1443087324.981145,1
0.011719,0.470093,-0.071899,1.954198,8.763359,4.488550,1443087325.011029,1
0.012329,-0.500244,-0.068604,-1.832061,2.961832,-8.977099,1443087325.041161,1
0.010498,0.470093,-0.068604,0.702290,14.809160,-5.465649,1443087325.071241,1
0.012207,0.470215,-0.067261,-0.946565,2.900763,-5.068702,1443087325.101537,1
0.015869,0.470459,-0.068848,-5.862596,10.961832,-2.229008,1443087325.131078,1
0.012817,-0.496948,-0.072266,5.618320,7.694656,6.198473,1443087325.161220,1
0.014160,0.469849,-0.067383,-4.274809,-6.595420,2.320611,1443087325.191288,1
0.013428,0.469727,-0.069946,-0.396947,6.534351,62.473282,1443087325.251118,1
0.012451,0.469727,-0.071655,-11.267176,-2.900763,6.015267,1443087325.281172,1
0.011597,-0.500244,-0.068237,-4.122138,-1.282443,-1.954198,1443087325.311111,1
0.012817,-0.498047,-0.068848,61.435116,9.954199,0.763359,1443087325.341172,1
0.014648,-0.497559,-0.067383,-19.053434,0.458015,-0.793893,1443087325.371169,1
0.013306,0.470337,-0.068726,-14.412213,-10.961832,1.557252,1443087325.401800,1
0.013916,-0.496582,-0.070312,-10.870229,-6.656488,-1.557252,1443087325.460507,1
0.012817,0.469604,-0.067017,-6.839694,26.259542,19.938931,1443087325.463726,1
0.011963,0.468872,-0.070435,-5.709924,0.000000,10.473283,1443087325.491054,1
0.012451,0.469604,-0.068237,2.076336,4.732824,16.549618,1443087325.521285,1
0.011597,0.469604,-0.068359,0.458015,15.175572,14.045801,1443087325.580589,1
0.011963,0.469727,-0.071045,-15.114504,4.335878,3.694656,1443087325.583878,1
0.011719,0.469727,-0.068726,-10.931297,6.534351,-4.946565,1443087325.670527,1
0.012085,0.469727,-0.068848,6.717557,6.015267,0.366412,1443087325.671220,1
0.012939,-0.497437,-0.069092,0.396947,-2.687023,61.954197,1443087325.674683,1
0.012817,-0.497070,-0.068970,-2.717557,8.763359,-4.458015,1443087325.730854,1
0.011963,0.469116,-0.067749,4.396946,5.923664,21.954199,1443087325.731500,1
0.010498,-0.500122,-0.071899,-6.412214,-5.801527,18.473282,1443087325.761123,1
0.012939,0.468994,-0.072388,9.190840,-1.465649,8.732824,1443087325.791187,1
0.012207,0.469849,-0.066040,-5.404580,4.916030,21.648855,1443087325.821291,1
0.012573,0.469116,-0.069336,-7.297710,14.229008,6.778626,1443087325.851331,1
0.012085,0.469238,-0.067749,5.251908,11.541985,23.297710,1443087325.881201,1
0.012939,-0.497559,-0.069824,-10.198473,-1.618321,13.099236,1443087325.911087,1
0.014282,0.470093,-0.068359,6.687023,7.022901,6.076336,1443087325.941113,1
0.010132,0.470215,-0.069092,7.633588,-9.862596,10.137404,1443087325.971588,1
0.013184,0.469849,-0.071777,14.870229,1.099237,9.343512,1443087326.030532,1
0.013184,-0.498047,-0.070679,3.572519,6.412214,-8.854961,1443087326.033785,1
0.013672,-0.496582,-0.067261,-0.091603,2.167939,18.748091,1443087326.061129,1
0.010864,-0.500610,-0.066162,0.519084,-5.923664,-5.709924,1443087326.091628,1
0.011475,0.470215,-0.069824,2.778626,7.022901,9.129771,1443087326.121988,1
0.011719,0.469116,-0.067871,-2.687023,-12.671756,-15.297709,1443087326.180448,1
0.010498,0.470093,-0.070068,2.992366,-2.290076,-14.076336,1443087326.183862,1
0.012329,-0.497803,-0.070312,-2.503817,3.511450,15.175572,1443087326.270685,1
0.012085,-0.500610,-0.066528,-11.450381,5.251908,-18.564886,1443087326.274324,1
0.013062,-0.500610,-0.071167,5.984733,9.709924,-0.916031,1443087326.301338,1
0.012085,0.468750,-0.069336,-13.709924,0.824427,-16.305344,1443087326.331090,1
0.012085,-0.497803,-0.070557,11.664123,22.503817,2.198473,1443087326.361103,1
0.013184,0.469727,-0.070312,-12.854961,5.007634,-9.648855,1443087326.391177,1
0.010986,0.468994,-0.069824,11.175572,-8.854961,6.625954,1443087326.421257,1
0.011719,-0.497803,-0.069946,-18.656488,-5.770992,-6.351145,1443087326.480410,1
0.012695,-0.469238,-0.069946,-10.198473,62.442749,0.000000,1443087326.483756,1
0.010986,-0.498047,-0.070068,7.786260,3.511450,5.068702,1443087326.511176,1
0.013062,0.469727,-0.068604,-6.595420,-8.000000,-1.007634,1443087326.541213,1
0.013306,0.468750,-0.068970,-14.381680,-1.068702,-2.687023,1443087326.571263,1
0.011719,-0.500122,-0.068359,61.893131,-0.793893,-3.145038,1443087326.601363,1
0.011108,0.470093,-0.068848,-1.618321,-6.809160,-13.312977,1443087326.631352,1
0.012817,0.470337,-0.070801,-2.015267,14.442748,11.694656,1443087326.750578,1
0.012939,-0.498047,-0.067871,-6.412214,-0.732824,6.809160,1443087326.751159,1
0.012817,-0.500854,-0.068726,-11.053435,10.992367,12.213740,1443087327.321353,1
0.011719,-0.497192,-0.069824,10.259542,-2.687023,-2.442748,1443087327.351212,1
0.012207,0.469360,-0.071045,62.442749,3.358779,26.351145,1443087327.381216,1
0.012207,0.469360,-0.067627,11.511451,-4.977099,15.297709,1443087327.440453,1
0.011108,0.469849,-0.068481,-7.114504,10.931297,12.396947,1443087327.443697,1
0.010376,-0.500488,-0.070435,-5.709924,19.480917,14.412213,1443087327.471439,1
0.013794,0.469604,-0.069092,4.977099,1.099237,-4.549618,1443087327.530606,1
0.014038,-0.498047,-0.068848,-1.282443,-5.526718,2.106870,1443087327.590733,1
0.013916,-0.500854,-0.070068,1.435115,8.916031,24.641222,1443087327.651363,1
0.012085,0.469238,-0.068848,0.274809,12.396947,10.290076,1443087327.774444,1
0.012573,0.469849,-0.071045,-7.877862,-4.580153,28.458015,1443087327.801293,1
0.013428,0.470215,-0.066650,-9.984733,-1.740458,27.297710,1443087327.860682,1
0.012817,0.469482,-0.069214,-0.427481,-0.854962,-0.671756,1443087327.864272,1
0.011719,0.470337,-0.067505,-0.061069,-12.458015,-1.862595,1443087327.891448,1
0.012939,0.468872,-0.067993,-6.106870,10.656488,17.404581,1443087328.041292,1
0.012573,0.470215,-0.067749,0.335878,-10.442748,0.427481,1443087328.071420,1
0.012817,0.469971,-0.069702,-5.190840,5.801527,4.519084,1443087328.134076,1
0.013184,-0.497559,-0.070312,-3.450382,-9.007633,14.748092,1443087328.161441,1
0.009399,0.470337,-0.068115,0.335878,7.664122,-20.000000,1443087328.191426,1
0.010864,-0.500122,-0.070557,7.022901,-10.625955,-1.465649,1443087328.281352,1
0.013794,-0.497925,-0.071655,-1.770992,-8.396947,-17.770992,1443087328.311358,1
0.012817,-0.497192,-0.067505,6.503817,0.702290,8.274809,1443087328.341275,1
0.010132,-0.497803,-0.069580,-1.282443,2.045802,-0.458015,1443087328.371377,1
0.011108,-0.500244,-0.069092,7.603054,11.267176,-8.030535,1443087328.431152,1
0.014771,-0.500610,-0.067505,6.503817,10.259542,0.916031,1443087328.461281,1
0.013062,0.470581,-0.068726,2.656489,4.183206,-4.396946,1443087328.491225,1
0.011597,0.468994,-0.065796,0.854962,-3.572519,11.511451,1443087328.521399,1
0.012817,0.469482,-0.069580,1.557252,-1.282443,-4.458015,1443087328.551310,1
0.011963,0.469482,-0.071899,1.190840,14.687023,7.175572,1443087328.611333,1
0.010498,0.470215,-0.066895,2.076336,-4.519084,5.251908,1443087328.641489,1
0.012207,-0.500122,-0.068604,2.961832,-5.251908,61.954197,1443087328.671413,1
0.013306,-0.497437,-0.072510,-9.618320,-8.824428,11.603053,1443087328.701535,1
0.012451,-0.500732,-0.072021,-7.511450,-5.984733,4.549618,1443087328.731194,1
0.013428,0.470215,-0.066040,-0.183206,-3.083969,-14.259542,1443087328.761461,1
0.012085,-0.496704,-0.067017,-5.007634,-5.740458,3.022901,1443087328.851278,1
0.011963,-0.497559,-0.068481,-2.839695,0.458015,-14.137404,1443087328.881244,1
0.012207,0.470093,-0.069824,-8.061069,3.328244,10.320611,1443087328.911256,1
0.011597,0.469849,-0.067505,-11.969465,-11.114504,14.717557,1443087328.941289,1
0.012939,0.470459,-0.068115,-1.465649,4.580153,-0.763359,1443087328.971426,1
0.012207,0.470581,-0.066284,-3.572519,-0.519084,3.603053,1443087329.031138,1
0.013916,0.469604,-0.070312,-16.732824,-10.106871,1.526718,1443087329.061282,1
0.011597,0.469849,-0.069580,3.511450,0.183206,1.282443,1443087329.091453,1
0.011108,0.469482,-0.070435,-15.694656,0.732824,9.893129,1443087329.121412,1
0.011719,0.469849,-0.068115,-11.755725,-7.389313,5.801527,1443087329.151533,1
0.011841,0.469482,-0.068481,3.145038,0.702290,12.274809,1443087329.241385,1
0.013062,-0.497559,-0.066040,-0.793893,-14.076336,-4.977099,1443087329.271508,1
0.012939,0.469849,-0.066406,7.236641,17.251909,9.251908,1443087329.301439,1
0.012085,0.468872,-0.073486,-2.931298,5.862596,-1.404580,1443087329.331185,1
0.011108,0.469849,-0.070068,-5.923664,10.259542,5.862596,1443087329.361373,1
0.011963,-0.497925,-0.067749,0.152672,5.068702,14.625955,1443087329.391332,1
0.012817,0.469971,-0.069458,6.015267,25.343512,11.022901,1443087329.421476,1
0.010498,0.469482,-0.068359,-5.007634,6.442748,-3.358779,1443087329.451329,1
0.012085,0.470215,-0.069580,7.572519,-4.763359,4.763359,1443087329.481250,1
0.013428,0.469238,-0.070312,11.694656,11.572519,28.183207,1443087329.541486,1
0.015259,-0.497192,-0.071045,-2.503817,-8.885496,18.137405,1443087329.571448,1
0.010742,0.470093,-0.070923,0.488550,-4.091603,6.717557,1443087329.601378,1
0.011963,-0.498047,-0.070679,1.526718,10.992367,22.809160,1443087329.631273,1
0.015015,-0.498047,-0.068726,-0.427481,10.595420,-6.687023,1443087329.661326,1
0.011963,0.469849,-0.070312,12.030535,0.335878,11.083969,1443087329.691493,1
0.011841,0.470215,-0.072754,0.152672,7.694656,21.587786,1443087329.751320,1
0.012451,0.470337,-0.068604,7.450382,12.274809,24.244274,1443087329.781448,1
0.012207,-0.498047,-0.067505,4.793893,-8.793893,0.854962,1443087329.841319,1
0.013062,0.469238,-0.070679,7.419847,0.824427,1.221374,1443087329.871400,1
0.012817,-0.500122,-0.068115,-14.961832,3.572519,5.251908,1443087329.901453,1
0.011230,-0.497925,-0.070923,6.687023,-0.946565,25.282442,1443087329.931301,1
0.012451,0.469604,-0.069580,-12.824428,-10.900764,0.732824,1443087329.961408,1
0.012573,-0.497192,-0.067139,5.832061,13.343512,24.030535,1443087329.991354,1
0.011108,0.469238,-0.065674,9.190840,-1.832061,1.801527,1443087330.051354,1
0.012695,-0.469238,-0.070312,-18.351145,-4.152672,-1.893130,1443087330.081453,1
0.012817,0.470337,-0.069336,0.396947,13.160305,5.618320,1443087330.111457,1
0.014160,0.470093,-0.071899,-12.946565,-6.167939,-12.763359,1443087330.141812,1
0.009888,-0.500122,-0.067505,9.954199,9.160305,0.305344,1443087330.171551,1
0.011963,-0.500977,-0.067261,-11.175572,-8.152672,-0.641221,1443087330.201436,1
0.012451,0.468872,-0.071289,-6.259542,4.183206,3.877863,1443087330.231354,1
0.013184,0.469604,-0.066528,-0.396947,-6.595420,19.419847,1443087330.261891,1
0.014526,0.469971,-0.068115,-5.740458,2.198473,-4.702290,1443087330.291620,1
0.014160,0.469482,-0.068970,-8.213740,0.488550,6.961832,1443087330.321471,1
0.011963,0.469971,-0.068237,-5.190840,6.076336,8.580153,1443087330.351440,1
0.011719,-0.500122,-0.067993,-2.381679,19.419847,-11.969465,1443087330.381722,1
0.012451,0.469482,-0.068237,-0.030534,6.442748,3.633588,1443087330.440715,1
0.012329,0.470337,-0.068848,-15.358779,-12.916031,2.595420,1443087330.443943,1
0.011963,-0.497559,-0.067383,-9.129771,3.450382,-8.061069,1443087330.471493,1
0.011719,0.469238,-0.069458,-13.190840,-17.587786,-4.152672,1443087330.501745,1
0.012085,0.469849,-0.069946,-13.709924,12.488549,13.282443,1443087330.561438,1
0.013916,0.469116,-0.068359,9.709924,-13.526717,8.641221,1443087330.620719,1
0.011597,0.469482,-0.068604,-2.870229,14.625955,-11.022901,1443087330.625437,1
0.010498,0.468872,-0.069458,14.564885,4.916030,1.251908,1443087330.651472,1
0.012573,-0.500122,-0.068237,-6.076336,1.496183,14.045801,1443087330.681504,1
0.010742,0.469971,-0.069336,-2.167939,-9.832061,-0.763359,1443087330.741440,1
0.013062,-0.497925,-0.067505,-7.328244,2.778626,-6.442748,1443087330.771592,1
0.011841,-0.497192,-0.070923,2.961832,-4.549618,-7.938931,1443087330.801716,1
0.012085,0.470337,-0.066528,0.396947,5.648855,-2.534351,1443087330.831394,1
0.012939,0.469360,-0.068481,7.236641,1.709924,-16.702290,1443087330.861437,1
0.011108,0.469849,-0.069092,6.900764,-2.290076,17.618320,1443087330.891462,1
0.011597,-0.469116,-0.071411,8.458015,9.312977,-6.992366,1443087330.921960,1
0.012695,-0.497070,-0.068604,1.221374,-3.297710,0.244275,1443087330.951400,1
0.014648,-0.497559,-0.069702,-1.312977,25.954199,-10.748092,1443087330.981490,1
0.011963,0.468872,-0.067139,-7.297710,-14.748092,0.793893,1443087331.011531,1
0.011597,0.470215,-0.071655,7.572519,12.396947,-15.083969,1443087331.041456,1
0.012207,0.469360,-0.068726,-8.916031,10.534351,3.419847,1443087331.071600,1
0.011230,0.470215,-0.068481,4.732824,11.389313,-4.091603,1443087331.101620,1
0.011963,-0.500122,-0.068359,-10.656488,11.664123,1.068702,1443087331.131420,1
0.014893,-0.501221,-0.069336,6.748092,6.412214,0.610687,1443087331.161488,1
0.012939,-0.497803,-0.068970,-12.641221,5.068702,28.885496,1443087331.251478,1
0.012695,0.469238,-0.066040,-0.763359,14.839695,-1.648855,1443087331.281510,1
0.012085,0.470215,-0.068115,-0.213740,10.534351,22.045801,1443087331.311508,1
0.012817,-0.500732,-0.070557,-5.709924,9.648855,4.732824,1443087331.341395,1
0.012695,0.468994,-0.068970,-17.832062,-11.175572,21.984734,1443087331.371600,1
0.012695,0.470215,-0.068481,4.916030,7.297710,5.312977,1443087331.431646,1
0.013428,-0.496338,-0.067749,-9.099236,-9.893129,6.412214,1443087331.461430,1
0.012085,0.469727,-0.068604,-1.068702,-3.480916,11.114504,1443087331.491465,1
0.014526,0.469727,-0.067505,-5.190840,24.732824,12.458015,1443087331.550763,1
0.012939,-0.497070,-0.068359,-13.557252,-0.946565,14.961832,1443087331.554246,1
0.012085,-0.500366,-0.072876,-6.625954,-2.106870,16.763359,1443087331.581390,1
0.012939,0.469360,-0.070068,-8.183207,6.351145,10.045801,1443087331.611598,1
0.013916,-0.497925,-0.067383,-8.732824,0.335878,21.099237,1443087331.641629,1
0.013672,0.470337,-0.068481,-9.984733,-11.297709,4.641222,1443087331.671604,1
0.013062,0.470337,-0.069336,-10.564885,4.885496,10.564885,1443087331.701599,1
0.011963,-0.498047,-0.070068,-15.328244,-16.030535,9.618320,1443087331.731408,1
0.013428,0.469116,-0.068604,3.175573,13.496183,4.580153,1443087331.761495,1
0.011108,0.470093,-0.068115,-10.198473,-1.282443,21.038168,1443087331.791537,1
0.013550,-0.500488,-0.066772,1.404580,-8.061069,4.885496,1443087331.821562,1
0.010498,-0.496338,-0.069580,-5.435114,-1.679389,24.183207,1443087331.851381,1
0.010986,0.468750,-0.067139,5.282443,5.526718,10.717557,1443087331.881512,1
0.011963,0.469238,-0.067993,-1.679389,10.381680,20.671755,1443087331.911535,1
0.013916,0.469482,-0.071655,62.473282,-2.137405,4.702290,1443087331.970750,1
0.012329,0.470581,-0.068359,7.236641,29.709923,16.885496,1443087331.974324,1
0.011963,0.469604,-0.068970,7.755725,-5.587786,6.748092,1443087332.001657,1
0.013062,-0.497070,-0.068115,4.702290,14.198473,11.083969,1443087332.031455,1
0.012451,0.469971,-0.068726,6.229008,-10.167939,-5.221374,1443087332.061517,1
0.012085,-0.497314,-0.070068,14.839695,-6.595420,12.335877,1443087332.091815,1
0.010742,-0.498047,-0.068604,3.389313,-5.954198,0.549618,1443087332.121653,1
0.013794,0.469482,-0.067261,-4.885496,10.381680,6.564886,1443087332.181089,1
0.012573,0.469849,-0.068481,0.152672,0.366412,-12.580153,1443087332.184531,1
